0.0, 0.26598220281968543, 1.9125299057134018, 1.6673082621206263, 1.9642871269494988, 0.5436582922050657, 0.6381051999855814, 0.7964973537925644, 0.8966767384714113, 0.7352521550077757, 0.3237167485377581, 1.6012459491432103, 0.2241670510195295, 0.09599939679822933, 1.498440359754793, 0.656418318182834, 0.8938797742892018, 0.07923402430813165, 0.9914860620048038, 1.2170797365451458, 1.0828843463686308, 0.7926562709947569, 0.38826226683770404, 1.79095256260262, 0.6706164606029776, 0.67558033508285, 0.8079717395904273, 0.48935629838823036, 0.24161190014800804, 1.156318930293752, 1.48620417154852, 1.251888129983449, 1.6363923757393488, 0.09233952715567273, 0.9797790010508297, 0.37366636411752674, 0.44164167552276057, 1.5849452141528697, 0.39735718484404237, 0.4690758224240521, 1.6518740230023512, 1.148310811328857, 1.4726023398542087, 0.14952179026053813, 1.1975274715195783, 0.6026058118596076, 0.36087297779513017, 0.15819334909992266, 1.2096015677018608, 1.7401567911459228, 1.7790776771352594, 0.4940491854008965, 1.270715851062169, 1.5103101404651547, 0.7058002331819457, 1.456551330547196, 0.6091645250761719, 1.4591526340127925, 1.3141102722554652, 0.27309477266573035, 1.8027772241646736, 1.015796644964904, 0.45680880671750446, 0.17610272130978444, 1.2070683540139564, 1.465766212465141, 0.024431126939511882, 0.5520657437856367, 0.9991401603952215, 1.782983775299491, 0.7606668459332595, 0.34121891984930486, 0.250473358512433, 0.6462040861223737, 1.2771273940675605, 0.40927964893108504, 1.2214511583188534, 1.5262786046450103, 0.6416605157868731, 1.7523922363023012, 0.5612659083879281, 1.5934725171575725, 1.752973450630816, 1.297881999469075, 1.7035059759178266, 1.645501557645931, 0.9550194095985876, 0.3850284811634377, 1.1261369118435682, 0.9582588172322084, 1.3072741110433517, 1.2727784535273567, 1.6196722964895194, 0.34070309896510276, 0.7225517580483665, 0.15712923409970747, 0.36138386070266604, 0.6280598228238209, 0.3874803822753802, 0.9110138562918348, 
0.26598220281968543, 0.0, 1.6857435567266603, 1.155192172912828, 1.6676027912115723, 1.182810846805612, 1.1061960436749412, 1.059555662494817, 0.6738003702459969, 1.4604311547077633, 0.9047159019794921, 1.8813804982420037, 0.010111426759644493, 0.6233027762658816, 0.9920585469982728, 0.8777840446403874, 0.9844106992852907, 0.09447156269850832, 0.49013178572369076, 1.139517861625711, 0.9766947204122041, 1.0228793899352393, 0.6227583113103, 1.898321607357248, 0.8084797941867303, 0.6673028593218582, 0.9819682243650935, 1.0759774749194124, 0.003734478650950779, 0.9429319849643392, 1.2167494098790617, 1.4268529467165536, 1.0894848113952271, 0.07221086522241871, 0.33541068267383034, 0.022322968860975623, 1.134419135887537, 0.901344197922397, 0.042574169977402154, 1.0394115576454372, 1.1372689319516431, 1.1243031970413502, 1.320763314090648, 0.5179463074303199, 1.2960695654426135, 1.1563012671508175, 1.040513752325456, 0.7435239146932668, 0.49636510957027347, 1.0890410182419155, 1.9850821228580648, 0.9471787955744031, 0.6592291030834927, 1.9471362966892811, 0.5537669547386105, 1.4189773762636098, 0.11459180084850074, 0.9884569874469004, 1.5072479478304148, 0.25208222725887375, 1.9663149163780642, 1.1023717437660008, 1.0784213314056608, 0.7070476479006551, 1.6589916866145655, 0.8598097355898884, 0.2469759800780752, 0.2087100129808146, 0.6262342850348587, 1.2913786701310577, 0.5126342662419747, 0.040065252982965704, 0.1509517802579281, 1.3352788379442129, 1.2590851930693483, 0.5001527895066857, 1.4164239505688305, 1.0886459721431627, 1.0766460267973015, 1.2647152704368474, 0.14427321161865314, 0.9180464529544562, 1.731106197137686, 1.1207104205153382, 1.487076589760508, 0.9606880549214889, 1.0364369962559556, 0.9918373454460764, 0.9078919041748753, 1.5624639913160596, 0.7092877251009213, 1.2608447354449888, 0.9449532758658473, 1.0216341444992885, 0.9799191498134071, 0.060188441583283514, 0.8323849625629054, 0.7730764859952579, 0.21312014674480273, 1.264367737405634, 
1.9125299057134018, 1.6857435567266603, 0.0, 0.17456292000604123, 0.016031705247662287, 1.5858821610011375, 1.6254843007551023, 1.5580286815319908, 0.725707355502794, 1.210935788491664, 1.4235186010407077, 0.6270795319534443, 1.6727076033246353, 1.7880177591565816, 0.28457607298997356, 0.9336087236706568, 0.6903866981721374, 1.7687456010791476, 0.751240508091243, 1.201014231714444, 0.5234973594176238, 1.568504093694386, 1.2356269736379326, 0.10624265497470864, 0.9144723511410592, 0.9172658892078599, 0.777122806713503, 1.2272640917710558, 1.7384973432688358, 1.2531515361081376, 0.21443168080008723, 0.39437149669817717, 0.2140186212393721, 1.905422531315474, 1.1594189015577652, 1.6553747309339886, 1.5782722193427507, 0.3901409438311485, 1.4663737270986585, 1.2390824141362797, 0.6488650008383683, 1.2678428283352496, 0.9291530065216809, 1.968210271921142, 1.2043799515838844, 1.6076413055626042, 1.6343865902183587, 1.7925254129236876, 0.8874181415349344, 0.36852341815891365, 0.21312265944643216, 1.1551083081628077, 0.54955507813482, 0.44524937580467727, 0.9115429823512619, 0.9402666732074458, 1.2688776342328811, 0.8891269065743226, 1.0539677069800952, 1.919773249362243, 0.16562303782599752, 1.3870708220804013, 1.6669199849199021, 1.6053845358719276, 1.0517214176695369, 0.3758643433904064, 1.9784278401261788, 1.188184060689676, 0.6724911930365995, 0.10689478001961417, 0.8797848456517049, 1.7286697593116036, 1.4923682009045676, 1.4360661357499747, 1.1361033487875392, 1.214277529296644, 1.1569291345640025, 0.8275724840899622, 0.9933671557713244, 0.5294001585807278, 1.2408171022995247, 0.37063862626385, 0.5530923348463059, 1.116882158080591, 0.6487071371047326, 0.38310070785625905, 1.444427572505968, 1.3651603606489557, 0.5017196617873416, 0.8194211086489469, 0.5036752095668364, 1.1401445448248595, 0.3587662183951169, 1.6272659350746426, 0.8703805470795399, 1.8851226667650498, 1.829168419884034, 0.9597876009784128, 1.8217021704063816, 1.4249550962785487, 
1.6673082621206263, 1.155192172912828, 0.17456292000604123, 0.0, 0.18317432939272627, 1.9364109791255983, 1.9326536391184523, 1.8065000001412634, 0.37135977209214677, 1.64071651432833, 1.4964514011942696, 1.179202255466187, 1.1446083770778899, 1.7744353728440485, 0.022113397212801367, 0.8100850397556655, 0.563040705148502, 1.3391865903692581, 0.2656372582983141, 1.3856975478665232, 0.33138218626556104, 1.7924334258493597, 1.0224533481519567, 0.4824977817121803, 0.7305483025716072, 0.6253400674879321, 0.6786197163359831, 1.3626190684988349, 1.2299008557376996, 1.3042686054336614, 0.09964074630831232, 0.5049316564460409, 0.0027692789156371633, 1.509101289435788, 0.7041989231109484, 1.1323677440174504, 1.887222134989237, 0.09757273515466858, 0.8898338039581801, 1.3502513429962804, 0.6346638165592019, 1.4644109770139153, 1.1573900564983828, 1.9402035288451307, 1.5110130833625242, 1.9464865576033707, 1.8903089686705572, 1.8743476397618062, 0.45967149419020903, 0.2151580735584181, 0.6955664562676237, 1.1644611459932455, 0.12424649955480893, 0.9800843071187106, 0.530186398049963, 1.2482690967132917, 0.6782379348235934, 0.8456675937277978, 1.4700614966569763, 1.6701815316418311, 0.6164182664003907, 1.6087374421977891, 1.9654023986070874, 1.5904424334528446, 1.582798026770376, 0.04433164192689221, 1.7430841209065586, 0.639825773626574, 0.2632074043368099, 0.014257804124100715, 0.4557084217638985, 1.2458866572336311, 1.0071437699887609, 1.850715011993353, 1.390128654701482, 0.898792965306541, 1.5394428643270734, 0.8398106854449885, 1.045292322213747, 0.5711171331317365, 0.662144753161982, 0.08392123185608535, 0.96394003281332, 1.257189698979499, 0.905467683506529, 0.13462443374595223, 1.6354096484661165, 1.484788988282126, 0.24901473634558946, 1.187099619677395, 0.10067442305345953, 1.3969566445309964, 0.08883114317993379, 1.8657064185515821, 0.8034292815845999, 1.4729253833738514, 1.9958931079794393, 0.7645917899286487, 1.5074898499451677, 1.7843155527632781, 
1.9642871269494988, 1.6676027912115723, 0.016031705247662287, 0.18317432939272627, 0.0, 1.6036158839973416, 1.5761602311542742, 1.4544012147129355, 0.8393210904951507, 1.3072812522503854, 1.5734486885935912, 0.5792953417714368, 1.6800066190493745, 1.8796481128132687, 0.31386991441319345, 1.1052854868488473, 0.8521542852842424, 1.8176570422253446, 0.7911324953749115, 1.0408356542818418, 0.6574664190319499, 1.4588215137533964, 1.3937593200929472, 0.1631936292187839, 1.0789970700849545, 1.063054967245098, 0.9468756625010062, 1.3906242297235805, 1.7127519784731142, 1.0807681748384708, 0.29973322652004797, 0.5459094727743886, 0.21540626521728823, 1.895515599086856, 1.0377987772501933, 1.600507421190849, 1.6412099016246764, 0.33029239657017195, 1.4721517794044583, 1.4035889130827126, 0.4882983688673439, 1.1135685352898972, 0.7692902553316912, 1.9570709606799022, 1.069165849372917, 1.5869324361040358, 1.7042001216951428, 1.866534215202842, 0.7759649629488203, 0.26454244249776315, 0.24577238245952482, 1.328773411725969, 0.5515495066264843, 0.5140067186899897, 1.0329374495613717, 0.7945236867532672, 1.2561471898490915, 0.7140496043260964, 0.9426026225991336, 1.8397141428416204, 0.20261992226330794, 1.248490172136718, 1.6840624859577802, 1.7358734011616614, 1.0077510710528266, 0.37244029161569003, 1.9924590992671065, 1.2420762816976294, 0.7526032807077108, 0.10117367235651553, 0.9827326026393602, 1.6639451197357067, 1.569048811801594, 1.4775907070209855, 0.9847657015470928, 1.3570747916941819, 1.0411037100947027, 0.6546812267966506, 1.171639389310087, 0.3796821543578095, 1.264028526539184, 0.3157977120669846, 0.4452257277837046, 0.9478306715403607, 0.5021961088270914, 0.30400743636244654, 1.3059711628370745, 1.51739406935196, 0.6159834846222321, 0.9666512666751755, 0.5109132665552069, 0.9895450035232198, 0.2989794693531741, 1.7070672843276142, 1.045534934881009, 1.8510901416043957, 1.804420674531571, 1.1236772553238468, 1.7200037959678391, 1.3390716734323302, 
0.5436582922050657, 1.182810846805612, 1.5858821610011375, 1.9364109791255983, 1.6036158839973416, 0.0, 0.07127023236504881, 0.24614583479898144, 1.657741445549294, 0.15316755182272745, 0.44304272130427813, 0.5658326083742595, 1.1738560596642855, 0.2957746089281864, 1.9543868621244043, 1.1191087888984217, 1.3358807647851365, 0.9268743511903685, 1.8692572522494415, 0.6736671891456814, 1.5859486014449005, 0.275883829752241, 0.999926979732803, 1.185141838097909, 1.2251278548347193, 1.387363961620569, 1.2169033877422553, 0.5116082915062568, 1.1122909038164104, 0.8261786378059996, 1.7687653470725415, 1.2561263642666551, 1.95962788010854, 0.8028808256842102, 1.5870240253410064, 1.2215417718390527, 0.03582453521844153, 1.9656677673554774, 1.4170926835883295, 0.5350474974156747, 1.4199459813453033, 0.5967512268179153, 0.8410740387727038, 0.23086002942669737, 0.4825172008951605, 0.02305740189329397, 0.05893756890789359, 0.16871811768347755, 1.7708664007611254, 1.8159734479428504, 0.9609224865086651, 0.7436008152937139, 1.9786496358527044, 0.6679711200776843, 1.5342275896032271, 0.7099667727409144, 1.6154101537632353, 1.2681822610690985, 0.4393046168832244, 0.629106423223672, 1.0428083396065202, 0.45068620790404657, 0.005562379519392313, 0.42642460763346557, 0.23523435922522917, 1.9961516427286754, 0.49862072346560204, 1.5805704067077242, 1.8018334303425139, 1.8870713463069186, 1.6332411255450698, 1.109383040044256, 1.2203609616726232, 0.020325030314987336, 0.6247570139753071, 1.1722720286333301, 0.40283174068598115, 1.2400147410002251, 0.8168175864046021, 1.4346557021944317, 1.5988820328114528, 1.9705993245488593, 0.8665204606410726, 0.812951220980886, 1.028487599248609, 1.92182631337541, 0.44558647227766934, 0.42481238460010695, 1.7025920416307954, 0.5377909926754566, 1.982425596684489, 0.6169396724063245, 1.960117812622673, 0.08314571838246387, 1.0902800856219603, 0.8580247401651542, 0.08196128441596096, 1.203264164365968, 0.8169832790536005, 0.19026037409727192, 
0.6381051999855814, 1.1061960436749412, 1.6254843007551023, 1.9326536391184523, 1.5761602311542742, 0.07127023236504881, 0.0, 0.05662382086571105, 1.8614551905909478, 0.39117611186687484, 0.7640128140280047, 0.5100227431234062, 1.1501541910097868, 0.4914765604427792, 1.9870847269067518, 1.4645622508096499, 1.6583988068605195, 0.9986735680607861, 1.9090708829997627, 0.3583683600748192, 1.8438958722835557, 0.0718106392258222, 1.312240676703179, 1.327583664674345, 1.5504827421339114, 1.6647444027975165, 1.5591579133402211, 0.864073825898618, 1.0221808093321954, 0.4747239748882627, 1.9295960568387178, 1.5749698585048257, 1.9381129420189085, 0.7565144469443081, 1.297506543782427, 1.0690596676521316, 0.197375511622765, 1.811645518612176, 1.384419994961493, 0.887954141271833, 1.0824496362963245, 0.2952725346126831, 0.5278197884428513, 0.2134977475487001, 0.22935154430173943, 0.013714798491248903, 0.23076604986218974, 0.3359128941448629, 1.5024892915204382, 1.5818760504704321, 1.0627570725520719, 1.1062376095410338, 1.9431722983061097, 0.8511314021029748, 1.7533783775219134, 0.4328412886888866, 1.5414665960841942, 0.9001108001875853, 0.24361360922463526, 0.44958117313713597, 1.1506026852974756, 0.1849045144868512, 0.07189948671539648, 0.7011539365196922, 0.18913209543157972, 1.9558695256002054, 0.5161298234337868, 1.6478283097267632, 1.930918503384833, 1.8598938291590281, 1.8102283449802254, 0.9404405202544438, 1.3428022752665336, 0.14513354911756826, 0.3331113010993909, 1.4439481519093227, 0.19591492059729543, 0.880658567618138, 1.1912494623497596, 1.1233917626812815, 1.600330581748313, 1.8273028287037683, 0.6734478469637308, 0.47478605417774855, 0.7430032870019159, 1.731506281227653, 0.17795837016842342, 0.7540101622325961, 1.9143408555982973, 0.8729234434444354, 1.9593293717998783, 0.3270950823535185, 1.8078677714552311, 0.2741771198118045, 1.447189970688627, 0.7600629506918223, 0.051588702466960124, 1.5267310139860784, 0.5862644964182933, 0.045804290780230184, 
0.7964973537925644, 1.059555662494817, 1.5580286815319908, 1.8065000001412634, 1.4544012147129355, 0.24614583479898144, 0.05662382086571105, 0.0, 1.9510522076562749, 0.6678180489248686, 1.0898405937425304, 0.48839451266433787, 1.14588403102161, 0.7475525714742988, 1.8933113559264518, 1.7257809938818043, 1.8704744441098466, 1.0974282529876234, 1.8499291729995562, 0.14624137654571367, 1.974083856716244, 0.0013509578357401297, 1.5716769066980203, 1.3835344574430661, 1.7851218261398087, 1.8464516449961965, 1.801777886322994, 1.1998059566872534, 0.9736404689657291, 0.22220678664996008, 1.9516807683847293, 1.7779889751137685, 1.7974814260197896, 0.7787075867160433, 1.0204243680027543, 0.9570725591837459, 0.44053000896424865, 1.5729175351812308, 1.3413799352701066, 1.2224283433984615, 0.7592845949615357, 0.10422471226992158, 0.2896639254742802, 0.3139977568278035, 0.08435897248209856, 0.12326378175662378, 0.4825362636004301, 0.5811188755473904, 1.213076193678143, 1.2920940136863823, 1.1117389351431692, 1.4255621460378816, 1.8049025581667384, 1.0022302145892987, 1.875006802306607, 0.23596456586857972, 1.4384440720146832, 0.5773862729366521, 0.1415273933163259, 0.38227818713234796, 1.194680938545258, 0.04106615229626209, 0.24601365208943837, 0.9999259388437346, 0.2247614569426548, 1.804290822794693, 0.6203577171928414, 1.6567922815941807, 1.9454748122036807, 1.7165335009791742, 1.887772243045978, 0.8289351319264201, 1.4424878892141348, 0.3539917562461724, 0.1413544931458629, 1.6542752781508456, 0.09289774725913547, 0.5646607884174075, 1.5059283022936654, 0.8143528117331751, 1.5575931483279133, 1.5957810655886362, 0.5116186938397542, 0.22788142770709607, 0.4970865295209609, 1.4675627549249988, 0.035718484744274526, 1.085411782545271, 1.9960698716405072, 1.1739506490843088, 1.8284932873271336, 0.1376716449855614, 1.5696357910466647, 0.5387024382104041, 1.7173031954878668, 0.7351949901611601, 0.14904752764184304, 1.7639235415472063, 0.4565427400982861, 0.02415063790065397, 
0.8966767384714113, 0.6738003702459969, 0.725707355502794, 0.37135977209214677, 0.8393210904951507, 1.657741445549294, 1.8614551905909478, 1.9510522076562749, 0.0, 1.309875209006619, 0.7411864445688232, 1.7329571577127196, 0.5789991275240893, 1.001218290254608, 0.22984740945596138, 0.1856920859462099, 0.10818042049237309, 0.6005307709714844, 0.1060285512864052, 1.9130466179621686, 0.04940065322009557, 1.9454009395509932, 0.2515230577432964, 0.8899293487863114, 0.12367049424980125, 0.050823149842622595, 0.1558178415367436, 0.6871089448702681, 0.753745884014227, 1.8049051840946555, 0.18973079933803383, 0.32613705197668297, 0.36689320707439776, 0.9183585286871954, 0.9133614325652004, 0.8033126656530906, 1.4358222182490583, 0.5604412555057281, 0.4288561625737265, 0.6564199912637261, 1.4068544064952517, 1.937057083595913, 1.8479987182221982, 1.4350891914841928, 1.9844002056585677, 1.79142591078738, 1.3661854360777483, 1.1925456325623205, 0.791399218701319, 0.893810505469298, 1.1652768108674738, 0.4519208376670263, 0.23278777888839008, 1.2067387016296833, 0.019110993971230394, 1.9066497447112094, 0.3893826198326662, 1.5280690611876402, 1.9748362530098884, 1.3719729858867442, 1.0867350766251855, 1.9663112441641935, 1.6275701811435728, 0.7771739201923792, 1.8807248248460602, 0.298315515407647, 1.0757865314889417, 0.167514011861026, 0.02548669721871366, 0.5008733595855133, 0.01565250492499104, 0.9246003013018943, 0.30349744811668966, 1.5890379509769417, 1.9432429301161571, 0.16307118516319574, 1.9927418845897467, 1.5659438419838843, 0.41910822589887553, 1.387807845485328, 0.26232747041701376, 0.5412900381940513, 1.7320146136938845, 1.8493639725895887, 1.712108966690157, 0.6850368741903282, 1.9510794447000324, 0.7682237050647529, 0.031456181183786125, 0.869271054541978, 0.22266299787211064, 1.9460328076469877, 0.5759925918256681, 1.303821341942103, 0.21928945880695583, 0.9758877120768656, 1.6784889237812817, 0.1313490240828542, 1.3217348128070658, 1.9732239990504317, 
0.7352521550077757, 1.4604311547077633, 1.210935788491664, 1.64071651432833, 1.3072812522503854, 0.15316755182272745, 0.39117611186687484, 0.6678180489248686, 1.309875209006619, 0.0, 0.24284508523957316, 0.5436667326978111, 1.389032899932109, 0.35213622529395927, 1.649441889434348, 0.7064134570255447, 0.8639617098298629, 1.0784474958461128, 1.699493498820158, 1.1048218385900666, 1.1219291785750696, 0.7151451683293197, 0.7207011638135826, 0.750553239531059, 0.82292333365041, 1.029941603792238, 0.7556689894303708, 0.2140795902591004, 1.4247901020846057, 1.3040879887934378, 1.3109417352000772, 0.7054736481745578, 1.694067031101209, 1.1342889512613874, 1.9227640054393156, 1.572639852638436, 0.0837410860802833, 1.8999052587097247, 1.566783852895286, 0.2391290355678073, 1.66816994882286, 1.0368101077453218, 1.1795567085029786, 0.5824480080605161, 0.8566116833317485, 0.2713596181439627, 0.11059937586160751, 0.26581814382095736, 1.9915804635371148, 1.8421819613114325, 0.6166568107912429, 0.3995665150613502, 1.8268318043246266, 0.31893688493556405, 1.2314396397315288, 1.0191662456729629, 1.740989528825727, 1.6306758030351993, 0.7072506397734056, 1.123868808688555, 0.6729619099223678, 0.8948209843149947, 0.18788730413499932, 0.3326872183156797, 0.34751494525858484, 1.7972723340941625, 0.7983508939058269, 1.5265839944427275, 1.5130371554965076, 1.6004566799171793, 1.3622790845427268, 1.5072259664907872, 1.2161325745288125, 0.0681409995952672, 1.0131872993958773, 0.9218868664986826, 0.7159515025172636, 1.5762335973250645, 0.4073979950699287, 1.6173503552429396, 1.632907238864889, 1.8867897852081499, 0.9579491068094994, 1.2364812928994553, 1.241826274991021, 1.8971424563930364, 0.9090573469573279, 0.19923969118802154, 1.2768113633666989, 0.13740467599012807, 1.8029756985631602, 1.0050180124090726, 1.88342248279452, 0.10980630352567133, 0.6477915337917761, 1.237795201744299, 0.4158003599166431, 0.8178762653204206, 1.3287575860748513, 0.5255316157160359, 
0.3237167485377581, 0.9047159019794921, 1.4235186010407077, 1.4964514011942696, 1.5734486885935912, 0.44304272130427813, 0.7640128140280047, 1.0898405937425304, 0.7411864445688232, 0.24284508523957316, 0.0, 1.2297369760681702, 0.7872788905365197, 0.11005248203950635, 1.3673407160818283, 0.2498604599782921, 0.4381853329578682, 0.49143147213510907, 1.1369304190519267, 1.5935712611502624, 0.6939376057175715, 1.1229418885691351, 0.17874797385604313, 1.0849789573239899, 0.31916855814315437, 0.45097787254611255, 0.3386208044720803, 0.022038772321435585, 0.9031319464762466, 1.6754354099436566, 1.0768845969065743, 0.5638153663429084, 1.523473239757132, 0.6870731111055456, 1.6791849320785863, 1.0979538924081969, 0.24343385359866643, 1.7531231454624598, 0.9311441165542218, 0.019160581268251264, 1.9876479401773985, 1.522101964293886, 1.7299224822884478, 0.5135712065555669, 1.4224715670931185, 0.6224438994615671, 0.198668289730505, 0.15608077613691163, 1.7739100794307405, 1.9260674432423661, 1.1010089113691937, 0.06212795736467469, 1.4128897776856175, 0.7724494904121664, 0.6079545615441376, 1.6236910624851226, 1.1393123583682423, 1.932858252522252, 1.349289756920268, 0.9633199259393379, 1.1192480122423907, 1.3679428443691417, 0.4200638777097472, 0.025369542324040872, 0.9774453928198166, 1.5016414461737515, 0.46606629861559945, 0.8442931133947144, 0.9561166413373362, 1.5728404380030991, 0.7325656596693637, 1.0885098631321402, 0.5353611380036691, 0.3874984568919876, 1.5604316631031718, 0.3055285790452116, 1.3254590327041913, 1.9355443516179527, 0.115222811845899, 1.9810489666703737, 0.9755705149620257, 1.737560679338785, 1.6196584433958112, 1.7020371606117848, 1.8135374237168123, 1.8336608580389366, 1.3466346232861188, 0.0038053444842737205, 0.8259660085813041, 0.2422967799668615, 1.4047835766562338, 1.553446745315227, 1.7618646605238664, 0.16090065477937676, 0.2468679451314294, 0.8223400724408004, 0.5830752107678943, 0.3008432225139932, 1.149807464978285, 1.0359579441592202, 
1.6012459491432103, 1.8813804982420037, 0.6270795319534443, 1.179202255466187, 0.5792953417714368, 0.5658326083742595, 0.5100227431234062, 0.48839451266433787, 1.7329571577127196, 0.5436667326978111, 1.2297369760681702, 0.0, 1.924597635983633, 1.3007535723099068, 1.3701475781161143, 1.5124697652598866, 1.467323981209398, 1.8636755000515692, 1.7993013813041259, 0.43215980864008763, 1.4928139548104857, 0.5163646540837874, 1.6658883833913385, 0.40565302999514785, 1.590231191595446, 1.7227642519618418, 1.4491911290240298, 1.1324305386344475, 1.8396041479284022, 0.6235047852090496, 1.2384207469615036, 1.0384231096442738, 1.2276568573992122, 1.7172701918819928, 1.4963682334049284, 1.795247408747175, 0.7161629773505582, 1.2600950531568695, 1.9698305133864014, 1.1738252171146104, 0.668035994051658, 0.43380100666780896, 0.32910385597097525, 1.1500328324553155, 0.2906712645720275, 0.5132134976045861, 0.8192671547039462, 1.1191113076286212, 1.4371969112302116, 0.956040063650262, 0.2079400611875516, 1.3387371353590962, 1.6062226440123406, 0.22624729472274474, 1.814428320026856, 0.23350128673323045, 1.9302337410057713, 0.7174709843223828, 0.1461827320924074, 1.356384681313422, 0.25925232903640816, 0.4405564948902245, 0.6563895070830091, 1.353233162453537, 0.09611034261598983, 1.4269804538329498, 1.5222727062709462, 1.9814635880278706, 1.7472196687258925, 1.015311728277378, 1.8413641664794627, 1.723435332783406, 1.9670388243191752, 0.491869364530527, 0.33262659956347473, 1.7928957397103014, 0.2034815381066688, 0.6268603638976168, 1.2599675446739225, 0.5860395426830907, 1.9767870080054104, 1.2580127919280613, 0.09493907454788397, 0.47310719052340466, 0.27328702351358325, 1.1536695252744482, 0.49611592384185577, 1.153781789536779, 1.5464640370711962, 0.6861490169486143, 1.5755010005563528, 0.3302377960925804, 1.2208510385148066, 0.8646732711257041, 1.4227519471983077, 1.6930614760410863, 0.8025636404677564, 1.6125363081214705, 1.4025308281672186, 0.3322717847861104, 
0.2241670510195295, 0.010111426759644493, 1.6727076033246353, 1.1446083770778899, 1.6800066190493745, 1.1738560596642855, 1.1501541910097868, 1.14588403102161, 0.5789991275240893, 1.389032899932109, 0.7872788905365197, 1.924597635983633, 0.0, 0.552061318668231, 0.9643135288564597, 0.7398234271135142, 0.853747277808181, 0.052577795091975243, 0.45254467128713627, 1.2693076247999697, 0.8670477002239938, 1.1137745051734897, 0.4952467908814663, 1.8552088554064488, 0.6754988915571953, 0.5480350031842036, 0.8454657804578145, 0.9481170700694337, 0.020247935697139674, 1.0810721342083365, 1.1459520042499414, 1.306277663220588, 1.0843274051782543, 0.07773591304888616, 0.42743751497413596, 0.06164243917418433, 1.0890605789410344, 0.9443573487625117, 0.032684328761405146, 0.9104006347220162, 1.263964899133064, 1.2496779432154295, 1.4501795363314276, 0.5286316757804019, 1.4073619312340628, 1.1778226578059228, 0.9892318769895818, 0.6873460340064268, 0.580011393571852, 1.1686130434762088, 1.962686818624416, 0.8095852346810682, 0.6519813259243725, 1.897128309457449, 0.4528952097955923, 1.5380703478782927, 0.1188225890492286, 1.1268964480076167, 1.6004528184352842, 0.3150101568993222, 1.9400119990071, 1.2158110919145397, 1.0695442928221137, 0.6045009352547532, 1.6998843421588292, 0.8575143690515921, 0.23540150816682637, 0.1602711365596986, 0.5573415971260101, 1.29293679825253, 0.425886029117578, 0.08782321526873382, 0.0857641511110061, 1.3077865181196124, 1.382465306575654, 0.38366048870728875, 1.5130330465438462, 1.2258231329528704, 0.9355004171263306, 1.3831379384491809, 0.12000473410489698, 0.9571003882071485, 1.8203663773255778, 1.2568800388427883, 1.6055736949560204, 1.0194663334787208, 1.149567532625096, 0.8729528486761828, 0.813194670794818, 1.4490733989893234, 0.6980154945924975, 1.3836776706414957, 0.9880963932556429, 0.9622058057475963, 0.8396755169349914, 0.08467079955277068, 0.8557170481030714, 0.6405767584425817, 0.2923223871365753, 1.3375151622153028, 
0.09599939679822933, 0.6233027762658816, 1.7880177591565816, 1.7744353728440485, 1.8796481128132687, 0.2957746089281864, 0.4914765604427792, 0.7475525714742988, 1.001218290254608, 0.35213622529395927, 0.11005248203950635, 1.3007535723099068, 0.552061318668231, 0.0, 1.6387895912016912, 0.5477635512986153, 0.7998439459012594, 0.2976102335421974, 1.261170537637081, 1.2730897015487894, 1.0618731986222572, 0.7660769652319553, 0.35050105948405086, 1.491322535009133, 0.6087376158965087, 0.7036722334336045, 0.686173112199934, 0.22186643406727624, 0.5928863269424207, 1.3113041499262699, 1.4705346041886007, 1.0177182043079953, 1.7748206457944797, 0.3531776597351265, 1.4050253964680752, 0.7666038236234365, 0.17091601441504567, 1.8419176054233448, 0.7591503843724049, 0.2158122312273849, 1.8390754637531, 1.189847828422588, 1.5017077890679147, 0.1746260507109484, 1.1477323711616358, 0.40430627011743236, 0.11639075858732273, 0.020182485940226313, 1.6074695692133112, 1.956196775605346, 1.4372930954506238, 0.2966266075755475, 1.5443008108514806, 1.0939934598918528, 0.8181808863943768, 1.4188286387200302, 1.0013784662681917, 1.6798147418210818, 1.1685761031539434, 0.5165275129277174, 1.4768170119600206, 1.0233462624245147, 0.24260078063442359, 0.03929830587320815, 0.9136719003777112, 1.6859373098324761, 0.1551348092874818, 0.8444126043581072, 1.1760431106547136, 1.8535359287760005, 0.9209204914880493, 0.7187304240036321, 0.47561861058140575, 0.33178714456540126, 1.2792049994622363, 0.4542268898150812, 1.1018525750591435, 1.7090647586003858, 0.4126720342739848, 1.892375536959679, 0.9064910689689637, 1.8412915261296785, 1.6096225562762165, 1.3925997250721498, 1.7011075179994382, 1.895288955051996, 0.9818533165974969, 0.13912863471190362, 1.1658139744274234, 0.5612905396946521, 1.5610076623582803, 1.2722332728597716, 1.862194220244406, 0.0965348084859442, 0.5740500508695419, 0.45475674138479383, 0.2769843658023763, 0.5738836740590862, 0.6967186164209442, 0.7720199590644536, 
1.498440359754793, 0.9920585469982728, 0.28457607298997356, 0.022113397212801367, 0.31386991441319345, 1.9543868621244043, 1.9870847269067518, 1.8933113559264518, 0.22984740945596138, 1.649441889434348, 1.3673407160818283, 1.3701475781161143, 0.9643135288564597, 1.6387895912016912, 0.0, 0.6608005368092591, 0.44023983536265643, 1.142547155386128, 0.14677035404455807, 1.5292431445638992, 0.2281999266218272, 1.8773006983847007, 0.8380137884389165, 0.5991805286620586, 0.5744539769485433, 0.4584136522182911, 0.5493050656295106, 1.2538766322697144, 1.0730078190271983, 1.4223098554405085, 0.07535402680217362, 0.46790019574144326, 0.018666973944804544, 1.3521706385774408, 0.6778851947775357, 1.0005682802449913, 1.8630283298853645, 0.12579322185459274, 0.7166924711965763, 1.2342158158894985, 0.7789602384242535, 1.6007817162074596, 1.3329465250228656, 1.8623594827994596, 1.6634393135658396, 1.9884200829335776, 1.8444158233912253, 1.7729352232802147, 0.4544652689270564, 0.3092553883604019, 0.8454259763455423, 1.0255362543566935, 0.06362389689878944, 1.0960146996955105, 0.36151140871245246, 1.430531926028137, 0.5318403113630856, 0.9742746202877755, 1.6420298918695053, 1.5970869151363591, 0.759816819287123, 1.7293779436078616, 1.9653636084787038, 1.440828458249585, 1.731193906915124, 0.023235657064218262, 1.5988888768877914, 0.46043431663524104, 0.13838989870616702, 0.07106897332287121, 0.29360618389771886, 1.1244341767558623, 0.8001576394577694, 1.8779666562581645, 1.548181534380177, 0.7042856981665737, 1.6986276546316263, 0.984476189424261, 0.925918115046111, 0.7298928539632545, 0.4942196543792242, 0.11137316023510291, 1.1733852453186886, 1.4041752526924411, 1.100712512954556, 0.18761643049872667, 1.7442912598438651, 1.3693497084481843, 0.14846902298787856, 1.176430464225717, 0.045005294378564153, 1.5547621969611218, 0.12471147062099452, 1.809066698844949, 0.6695851247857408, 1.3318928308975386, 1.9836168859833596, 0.6026840095453349, 1.4438309766222395, 1.8940735562380904, 
0.656418318182834, 0.8777840446403874, 0.9336087236706568, 0.8100850397556655, 1.1052854868488473, 1.1191087888984217, 1.4645622508096499, 1.7257809938818043, 0.1856920859462099, 0.7064134570255447, 0.2498604599782921, 1.5124697652598866, 0.7398234271135142, 0.5477635512986153, 0.6608005368092591, 0.0, 0.03565801830077142, 0.5695583674149161, 0.522235195913564, 1.9772587505609867, 0.1430496551039463, 1.7470640526109174, 0.048798074566238414, 0.8196686278215147, 0.007230828625824026, 0.054975551725946814, 0.012557085954257197, 0.19507904259342945, 0.9337069084613608, 1.9799448425848938, 0.42583749435039553, 0.1910795331653934, 0.8335570308888789, 0.9152361873653543, 1.4430327409038604, 1.0792311950230633, 0.8519086552253352, 1.1374165870628214, 0.7099077490983001, 0.17747548931163504, 1.8423569517138452, 1.9556107613237326, 1.9792268717924353, 1.1113595638359615, 1.9030736519590978, 1.3237101001919411, 0.7916174867424453, 0.6918532685566869, 1.3833429659931757, 1.445924653919875, 1.012359669974589, 0.07085120060928451, 0.7450965805159036, 0.857936936172905, 0.14225721655614176, 1.9433119752295696, 0.7902173837773823, 1.922640003489834, 1.8183687684450756, 1.3714129449599604, 0.9696254062750476, 1.8908923598491105, 1.1015807421826047, 0.3235619652499029, 1.509603853985722, 0.8100765706682942, 0.87092351029829, 0.4438342222804239, 0.3366541868898604, 0.9246773747655107, 0.21894429753111755, 1.1579659201063437, 0.37206091336792335, 1.011959560859611, 1.9597098979459942, 0.07929742799413675, 1.8326330191195566, 1.9346383129355758, 0.056372129918889624, 1.8034859218779051, 0.5989333841592226, 1.1118246898939974, 1.7631465530444095, 1.997549352485251, 1.9021831601545673, 1.2637541955075648, 1.8786297308434197, 0.2569069489146276, 0.2182620120321096, 0.3722811983448542, 0.7247298225505546, 1.957368889190554, 1.1463598409822338, 0.7280437807620888, 0.005303592385150102, 1.037067094157822, 1.2739592396472528, 0.008051963416707553, 1.450001724500761, 1.6761500094905826, 
0.8938797742892018, 0.9844106992852907, 0.6903866981721374, 0.563040705148502, 0.8521542852842424, 1.3358807647851365, 1.6583988068605195, 1.8704744441098466, 0.10818042049237309, 0.8639617098298629, 0.4381853329578682, 1.467323981209398, 0.853747277808181, 0.7998439459012594, 0.44023983536265643, 0.03565801830077142, 0.0, 0.7407559564146438, 0.40293466674601996, 1.9917838896126727, 0.041112829453401445, 1.8887061672483814, 0.14916984815428846, 0.6505932585016934, 0.026272397840856998, 0.05199082676530631, 0.007999889428905838, 0.3438482887549291, 1.054705892896316, 1.9851156751661356, 0.22978858001269598, 0.10315534484934952, 0.5892320558102863, 1.1041877986965705, 1.3730184825728173, 1.1633808457656643, 1.0795154555532658, 0.9047093433881634, 0.7598885436366734, 0.32659188615206713, 1.6776517256488082, 1.992556381053939, 1.9254126718470925, 1.368296393918172, 1.9458339089078818, 1.528909165454182, 1.0300715707273032, 0.9511591819540129, 1.2467896659833237, 1.2084054337688872, 0.8773131803206546, 0.18655978726900746, 0.5632103102336867, 0.8087706769488827, 0.11515469525788036, 1.9094949337067755, 0.7764281883237646, 1.813725809412575, 1.8450034036095666, 1.5556918785374658, 0.8189491278945996, 1.9705160744763153, 1.3330789973513533, 0.5414657405247965, 1.5795272272124348, 0.5913846911070518, 1.1122119309609944, 0.4413845125193895, 0.2230371309422483, 0.6645553582192643, 0.1695516527126455, 1.2637307467453227, 0.4712296650967971, 1.206432423857047, 1.9697528894103518, 0.15322367529238845, 1.880974212919237, 1.8175079206551579, 0.13557173445944937, 1.618303872179899, 0.5939939359930135, 0.8766579673895649, 1.6531775782604632, 1.979157519058929, 1.7809790101757397, 1.0272902458539352, 1.9697576594744115, 0.43668723732025394, 0.09376234101707959, 0.4349057979082065, 0.5355413617501636, 1.9692133450908917, 0.9082276663922347, 0.9662456484441578, 0.03294294283140342, 1.2082569948083965, 1.5142562634644858, 0.037685021996389234, 1.5894392932502406, 1.807143436750131, 
0.07923402430813165, 0.09447156269850832, 1.7687456010791476, 1.3391865903692581, 1.8176570422253446, 0.9268743511903685, 0.9986735680607861, 1.0974282529876234, 0.6005307709714844, 1.0784474958461128, 0.49143147213510907, 1.8636755000515692, 0.052577795091975243, 0.2976102335421974, 1.142547155386128, 0.5695583674149161, 0.7407559564146438, 0.0, 0.6109136498711107, 1.379766954305163, 0.8421086708586587, 1.0797948535271564, 0.32001242536048413, 1.8098221633682527, 0.5386759222317714, 0.47223662068881944, 0.6968095730096422, 0.6480207559826725, 0.09768886492944273, 1.2440606394760827, 1.2127588568861398, 1.1774276134381538, 1.293948248288556, 0.0664590792847114, 0.7142811069284178, 0.19678362506167313, 0.7986054883988472, 1.230744104516782, 0.14034932658858112, 0.6150094099724298, 1.5407734936201243, 1.3365274053523506, 1.5933694245140684, 0.3815683757048882, 1.4427843449456608, 0.981239209944278, 0.6980501050901704, 0.42241334787024876, 0.8922498322686717, 1.468766801127507, 1.8937461452831856, 0.5519875279382347, 0.874870642224375, 1.72198369404038, 0.4406552298639136, 1.6334907547352762, 0.290437276859274, 1.3902118440055589, 1.5937736380707868, 0.34256343231164577, 1.8846423623090072, 1.252459584210213, 0.8268504584401406, 0.33203050680838875, 1.5660981843282273, 1.086046298077455, 0.1247310728910841, 0.2445899352349732, 0.6509044859205491, 1.4901208186582213, 0.4580185160436392, 0.2090922623344006, 0.06485898842724003, 1.0342208695650883, 1.4690727783252322, 0.26732481244233464, 1.5054891027818043, 1.4780688878090527, 0.6858872120352537, 1.6477214818944315, 0.24550638909470224, 1.2383854415708493, 1.899491942167252, 1.409029931122907, 1.7711296826488634, 1.3171298601715782, 1.1864319055752368, 0.5684035321782781, 0.8386353599413892, 1.1625200507684308, 0.9145164457855101, 1.4676502738235806, 1.2721901003040756, 0.6652248236826482, 0.6566488668970043, 0.1139571170100675, 0.6842549884063063, 0.500434940732317, 0.3876573043382857, 1.251380191068574, 
0.9914860620048038, 0.49013178572369076, 0.751240508091243, 0.2656372582983141, 0.7911324953749115, 1.8692572522494415, 1.9090708829997627, 1.8499291729995562, 0.1060285512864052, 1.699493498820158, 1.1369304190519267, 1.7993013813041259, 0.45254467128713627, 1.261170537637081, 0.14677035404455807, 0.522235195913564, 0.40293466674601996, 0.6109136498711107, 0.0, 1.634741515561939, 0.2454936900187148, 1.822456962174934, 0.5472690358098862, 1.089174549311272, 0.42062391973769375, 0.266345206835515, 0.48553608721205577, 1.121308649789094, 0.5648929727845255, 1.4542054711343186, 0.2815010988250761, 0.6627501144861576, 0.2344363004433836, 0.8185887431950298, 0.48506373604123976, 0.537438579317715, 1.7333793662289634, 0.27347621614539774, 0.2659467352103668, 1.0852454557303162, 1.013990584451042, 1.6813560685381654, 1.5661060299941756, 1.4717410974575447, 1.8071055255714845, 1.9137233192945553, 1.6640283642610512, 1.4479985852632988, 0.37581363117015154, 0.5567026008162727, 1.3565290078682777, 0.8579395316195302, 0.048450434386795194, 1.515691050479833, 0.1466085426328838, 1.6865141416383278, 0.16496449580642392, 1.1097005447232382, 1.8800481976185222, 1.1688895725227657, 1.2726860745330357, 1.763979986553749, 1.8247676991759636, 1.1105594036494473, 1.9795332825118805, 0.12311855902163193, 1.0941475258760232, 0.10256809170429737, 0.03205206153431639, 0.38777012667504374, 0.08364590108992365, 0.6566687107061394, 0.3355381534433117, 1.8664126782932278, 1.705349546273404, 0.3853275528585268, 1.8832972829580985, 1.168266746917107, 0.8390294868158962, 1.0309187393264148, 0.12113168680813391, 0.2662890737302971, 1.6059590151781462, 1.528616053348872, 1.4498559981434698, 0.3703166223205132, 1.7420834431954377, 1.181873496929611, 0.15942571289784424, 1.321691500632229, 0.05487159480915793, 1.711119829111155, 0.29510160470083835, 1.6172409877083933, 0.5796276338829796, 0.8144821962557232, 1.7452886675550108, 0.42612348756334417, 1.0390295767541589, 1.942670431439041, 
1.2170797365451458, 1.139517861625711, 1.201014231714444, 1.3856975478665232, 1.0408356542818418, 0.6736671891456814, 0.3583683600748192, 0.14624137654571367, 1.9130466179621686, 1.1048218385900666, 1.5935712611502624, 0.43215980864008763, 1.2693076247999697, 1.2730897015487894, 1.5292431445638992, 1.9772587505609867, 1.9917838896126727, 1.379766954305163, 1.634741515561939, 0.0, 1.9432069406399142, 0.13175887066917213, 1.9008113200343897, 1.2266994858616342, 1.992097490855064, 1.9792493663041206, 1.9881009702389856, 1.6634236272818943, 1.0710371845046254, 0.027107814407353326, 1.7169469666465011, 1.8336562356199237, 1.367242634431903, 1.0230182910148238, 0.6932509532252098, 0.9561478840053428, 0.9353944921728936, 1.0756955917188011, 1.3508508063428346, 1.6846650656795594, 0.28962202794933356, 0.0037966245419096545, 0.03722845438867639, 0.7199190884991133, 0.032075525564642104, 0.4831035303028005, 0.9963270034400804, 1.1102553002922588, 0.7924866995766867, 0.7523032104198722, 0.9960048983224539, 1.8298185207991637, 1.448614832661861, 1.0794246813427388, 1.925838278566261, 0.04480497789086313, 1.3182456496642434, 0.17787050816991568, 0.10700165624270508, 0.5534886922622062, 1.054114098564946, 0.033633460450833375, 0.6898625265571128, 1.5164507848984714, 0.35989899967035766, 1.3937311994211767, 1.0025031003388751, 1.642579665810973, 1.799400017769581, 1.268022480733146, 1.873397868026299, 0.857160962025165, 1.6323490988408915, 0.782737941282855, 0.00815004030303923, 1.9068948802382115, 0.0840344298014376, 0.162001611465162, 1.8615549972788767, 0.3319609661995605, 1.4975713144847587, 1.1014384137164388, 0.25552452155683614, 0.010394285077604759, 0.15387121218774225, 0.9467414332796262, 0.04314060784536089, 1.584353177753199, 1.8955210235460858, 1.508109352562284, 1.4696750824864289, 0.008724631585180997, 1.0666882240391575, 1.0618614575515963, 1.9676631369304762, 0.9185438726141546, 0.5379196890564137, 1.986014051278162, 0.5184441731923402, 0.18488282380397414, 
