0.0 0.8857178147196103 1.0873001331720609 0.633318490957497 0.5640499414439346 0.8957903867734415 1.017525579605527 1.0508903958800657 1.0219929234270153 1.0066667134991902 1.0392662672182253 1.1070891102046545 1.0820643713876068 1.1540551691837957 0.9494772559228347 1.0218951521102007 1.0013457417871663 1.0350737772880543 1.0814421853715541 0.9981235485954911 1.045186141136073 1.0821871235833074 1.0744012676965566 1.0192862122833535 1.1701145023319834 0.9585131574107105 0.9935225417680873 1.175616754243726 0.9698371956442977 1.0633400468613154 1.0856643958057695 1.0888958506984834 1.0601143255572187 1.0730992305693892 0.9817353875297314 0.9601367364470511 0.9899477729019112 1.0188070638402291 1.1097050062522422 0.9996625716501119 0.886724308437332 0.9466539105029075 0.9967796299173081 0.9708781047998157 1.0420592362040317 0.9463674313811851 0.9360337250438044 0.9425142044088818 1.0383287927191323 0.9733820655209886 1.0157198240501295 0.9282859469104422 0.9669049622205248 0.9925469423204334 1.0822165659246352 0.9644678226022372 0.9180153224978989 0.9743137862467582 0.9897914827022968 0.9829976424012075 0.9889449010902805 0.9548750666177953 1.025721051521424 0.9872096384097137 0.9752701004856963 0.9628134947824836 0.9963523551931677 1.008615104140575 0.9680935991277574 0.9842781072616342 0.9267830211397137 0.9621374060406374 0.9551989362044015 0.9667401602876975 1.010626381243421 0.9267000805345775 0.9884695881106765 0.9883934018520744 1.0156208872097194 0.931486114550358 0.9225359368698103 0.8998819299551549 0.9204572334082637 1.0086006174450077 0.904836010387158 0.9938326335060272 0.9312943214145788 0.9673567648542104 0.9851084084528723 0.9613364036545334 1.0063568622140373 0.9832424075236733 1.031696399373002 0.872992661099816 0.892978122870016 1.0206709108484446 0.9172466119541774 1.0082849200576793 1.0370905243216229 1.0103141928205317 
0.8857178147196103 0.0 0.9593259928278783 1.2771570952935327 0.8289557024975982 0.882506812480604 0.8144489113985578 0.9527358876350515 1.0634075643173486 0.8309340199806179 1.040454805485419 0.8595726687741847 0.8838013718533941 0.9039559491788036 0.9910306026372969 1.1175011859301827 1.0238984710418364 0.9246104384712309 0.8528971625596456 1.073857081630988 0.9842283894983137 0.9774370611682744 0.9679994048537721 1.007890962586023 0.8618605721493179 1.1101403552598548 1.0985411145718786 0.7786469057458762 1.0254178474754674 0.9322120000920721 0.8621179511991398 1.04627189655822 0.9310858563519119 1.0049458091755705 1.0428675325704373 1.0477270868972763 0.978940583366212 1.0512944002294793 0.9540685581124769 1.065386665089914 1.1132586469382735 1.0420676136263103 1.0264581090872074 1.0152777763398035 1.0224916244982896 1.0380353497034933 0.9483418745344633 0.9923050466589443 0.9732304322393855 1.0201997963728369 1.0743567631710012 0.964175308142272 0.9691032764031198 1.0102962803262894 0.9447721404616864 0.9415147399152248 1.0400394606597374 0.991404871753673 1.0559847774392774 0.9581028204404798 1.0054883745210677 0.9592926576604314 0.9645452018603182 0.9436943031045684 0.9842825725403203 0.992939338484116 1.0286541924365828 1.0106442583578155 0.9824449701967636 1.0159386691951335 0.9530710219822135 0.9247456328956262 0.9163535654381385 0.933991134549698 0.9281966950168336 0.9512847591634974 1.0479962393163873 0.9462208152968566 0.9424390055892617 0.9740512495268925 0.9422587439113378 1.0107108016324928 0.9666799007629812 0.9533440562272126 0.9801843658971452 0.8640269008379213 1.0423544394653539 0.9774283063943832 0.9994020070158506 0.946168374227984 1.0320732536811823 1.0503141409012966 1.0249937409657761 1.0504308688503805 0.9499641839633902 0.9696334842040835 0.9570149792446563 1.048804401690418 1.0090098128099998 0.9799045269795426 
1.0873001331720609 0.9593259928278783 0.0 0.35404044508958266 0.4379223063715616 0.7762378911797911 0.8853662251224068 0.8841407618404851 0.9321793811508273 0.6570484596882346 0.9050153207683035 0.7171678087120614 0.7851981097922457 0.8187964299818771 0.9012668873065772 0.9326646941766664 1.0152439073899997 1.0410226788225279 1.1430029794157015 1.1808344316067159 1.0224972319905399 0.8885427516334616 1.0950880215939816 1.0434991334444013 0.9259732249339739 1.1800659485465974 1.0288713664260223 1.1789399708527517 0.9727604257101616 1.107813067826232 1.1695300448845203 0.9704389957804861 1.0304209474639192 1.0237914258378658 1.088283103932358 1.0303359489937334 1.1016052731877808 1.0590710780554575 0.9502761965163675 1.0367794196691364 1.4492012827993 1.4739587737100839 1.128398339336152 1.2585330672096944 1.0153449699156312 0.981616055967807 1.1924439027421223 1.0904721586634005 1.0275624173239777 1.0325513453805062 1.006090907048614 1.0609314380015502 1.0777396359646048 0.9814755662215878 1.1439881103962621 1.0978981246850097 1.0085128187368635 0.9823490617781574 1.0879544441278937 1.1873971656470352 0.9309712406939202 1.045223303744074 1.1284414051105212 1.0234476161635429 1.0045794593385273 0.8899207950373258 0.8976883902162975 1.004717998146641 1.1007932154552666 0.931838350802753 0.8800835121385625 1.1462598710348266 1.002189966063111 1.089964865196171 1.0155911270251996 0.994867760800904 1.02483087430184 1.0113907117818397 0.9981037748944398 0.9530042380665221 0.8958423283316462 0.9486989723826271 1.0767380754642544 1.0058024399757048 1.0331390578818564 0.8437674967231003 0.7603134744513775 0.9958323807442973 0.9437199098966368 0.7639728394671184 0.9069781318072166 0.976142549089167 0.8106829201964769 0.9867991621506851 0.8318845766184273 0.92971725005 0.8968711075647949 0.864269374899163 1.1270297794482889 0.9207450607409295 
0.633318490957497 1.2771570952935327 0.35404044508958266 0.0 0.21388304143897863 0.4727076380787827 0.6173055276869162 0.6103092382105975 0.6665198494221045 0.531725690909395 0.6005857194747023 0.6734985251421753 0.6345383822452628 0.7693559523158991 0.7056706028730595 0.5849598704905208 0.8203161031825785 0.8590479681812011 0.946783159823363 0.8655292183019934 0.7630142217392067 0.9958916345442637 0.875870534296346 0.900338319286954 0.9442906761594613 0.8294087536296593 0.8978745022186032 1.057495848749599 0.8333212897667954 0.9586580553607491 1.1106963778418837 1.0664486371250876 1.0906329842036409 0.9697630792173718 0.9772847275693306 0.8750184563669533 1.1500365151145313 0.7830857477063903 1.09793994179226 0.928916969894714 1.077507630474319 1.0600342531790958 1.0174685046686487 1.1019311001761474 0.8022839271565234 1.1763427710094176 1.1606893138517287 0.9492382034574637 1.0693408681441148 1.0333778851561426 1.0100413681108402 1.0074143954001358 0.9466364271804995 0.828729334494239 1.1160534458778095 1.1789474342916118 1.2289305408580113 1.063828576107003 1.0659254879704148 1.157081972536436 1.190161976694959 1.1172424576756077 1.106870449487099 1.2390110884131516 0.8419916847329383 1.183652140042491 1.2234997326268022 0.8483571935919673 1.1442386802296702 1.0133902116333762 0.8615624903586806 1.1214351460576426 1.1447770571978781 1.1215607366949585 1.0527277668626143 1.0216869084850346 1.116877185295771 1.147275339875069 1.0977924706378688 0.959107904730634 1.1298973131369627 1.171258150662126 1.157216094542535 1.0763859146066648 1.0622461861011065 0.8794613594715593 1.1442886352126864 1.042770262392082 0.8179210549962573 0.927377998451516 0.9423804238593267 1.0474085606668868 1.003174303576877 1.0260757964065284 1.03142876683169 0.8980377811408998 0.966725779443729 1.0076569682140073 0.8087542138087362 0.7841237818889003 
0.5640499414439346 0.8289557024975982 0.4379223063715616 0.21388304143897863 0.0 0.35347854958054625 0.3561520569841983 0.4464809499563316 0.7025007039077712 0.21141631270671402 0.6105778848998922 0.3185626541864811 0.38258079185995164 0.5161969083370141 0.3869238628333137 0.7047708981591808 0.5166887461622285 0.4764412116626635 0.6656990539631977 0.8036878304062014 0.8565639907841623 0.754197988614963 0.7817087336407109 0.5495531106966172 0.5731147069228701 0.8702442405249903 1.0059850154628764 0.6751551023309994 1.1274975041760715 0.6080351720166678 0.8021480227843623 0.8041384084674389 0.8327844991501381 0.9286500504315822 1.1019214715727748 1.11244245335417 1.1079911931277255 1.013896388879764 0.809186669270644 1.0346666233936241 1.0061338182333706 0.8847373680412502 1.001855792350494 0.9728379476459826 0.9399826857976397 1.027219210889656 1.1365009188734285 1.1848556930055203 0.9658542554382912 1.1182320063582263 0.9446505561639055 1.196924750371437 1.1385491951019002 1.0757160367618885 0.793428399204727 1.0881132781667044 1.0286804650752719 1.1326548837456885 0.8935981895193041 1.033802263577963 0.9486462641572975 1.070619383122584 0.8059384385612057 1.032908401285897 1.166378175226106 1.042910790475077 0.9464079429606743 1.0125855941985864 0.9255825887021727 1.0657418762052104 1.2211958952443587 1.0724132605980528 1.1909750184157568 1.0293025421027187 1.0520984939792173 1.174524578962354 0.9279469456206118 0.9998267814939202 0.9413511529021097 1.178727186467233 1.195195047386167 0.9871859593600449 1.061722883771914 0.9616564130594255 1.0965431717956746 1.2129634515486918 1.0659595547991285 1.0394095631663538 1.0511084165377635 1.1011949025163328 0.9732157958932983 0.9127872062022034 0.9230887371813878 1.00282812154854 1.187810628357583 0.9719082184152649 1.0654617429318742 0.9913388882553387 0.7702575875638609 1.0310491855758412 
0.8957903867734415 0.882506812480604 0.7762378911797911 0.4727076380787827 0.35347854958054625 0.0 0.13514910526818558 0.10928619081994595 0.19465206212093933 0.1670010476151138 0.07589404957611845 0.3309771253021647 0.10341628167777506 0.37837333904838977 0.4494554094732659 0.42211288745043685 0.40522871929640825 0.46258792047854325 0.2945495284865046 0.2775555786983951 0.23797303917421442 0.6671290308293428 0.17839333985499206 0.6406316778691798 0.4871628797158025 0.29983289461474427 0.4019438696393799 0.4445393504010908 0.6333548088815271 0.4570535443737458 0.4125027156474035 0.5872242393962596 0.584906213376446 0.6432140050176187 0.6136437138906887 0.6098937414996264 0.6573828593453366 0.586704352432151 0.8753419173744863 0.6449034142126304 0.5246720699699217 0.5368635797386283 0.587730708952166 0.45358517465705783 0.8178205956399269 0.9021529536751798 0.7305972006823176 0.6807684250179437 0.9225002798978351 0.6408202520771497 0.9920147092011576 0.7599526178665257 0.7359367654897742 0.8830935516736619 1.0020301421642221 0.7663749157737796 1.026747962767075 0.8839062218114689 1.1522972885744063 0.7252777787259811 1.171561111812932 0.9540706818253458 1.0917128013099557 1.0568969307707476 0.8205108383149242 1.199081099386008 1.1699471577112737 0.993501965352548 1.1205113805684435 1.120747717880426 0.951291019340853 0.9257007974025749 0.9961050971077126 1.0467944165238108 0.9821319042565739 0.9927432319115419 1.2401931912152855 1.1212843800375665 1.1697561314209461 0.9440173106549623 1.0700057880102112 1.2227556271420439 1.1675479585335442 1.0291867102751018 1.133083392139326 0.931144585461184 1.2457123478695424 1.0685432701216748 1.048987287139155 1.122735604465433 1.2447318368252467 1.3425497440036127 1.0066747482593534 1.3093038760937081 1.0947427280078685 1.0720322576029564 1.2679068836028917 1.2973326413242938 0.9628015879805023 1.054493498153451 
1.017525579605527 0.8144489113985578 0.8853662251224068 0.6173055276869162 0.3561520569841983 0.13514910526818558 0.0 0.24087189042964963 0.5272783861705113 0.07948840405847124 0.29060523994711795 0.22030723822084586 0.06859608544271711 0.467608221418066 0.32597552927741524 0.3114522819161716 0.37437786645559534 0.1901095751948787 0.19723967479539484 0.5044204885389387 0.35785608951227765 0.42507083953195823 0.3364034802732756 0.42057035901401674 0.2169393307270665 0.3478000234585149 0.6509266518557593 0.23427402312807533 0.9787853571224214 0.1902565695177021 0.3929326455472987 0.5035557093745914 0.5082547292077007 0.9315045533626876 1.0405660287119034 0.7697433671053868 0.8416497918895811 0.6235049684762872 0.6743266547829478 1.0155209001598113 0.5857719990645006 0.3959814792301094 0.8573522761622676 0.6487322992959608 0.6024885276041325 0.831542174467658 0.8079801522746018 0.913121508943991 1.0237170747958206 0.868155805504545 1.0870850606559046 1.0365413964035088 1.1081884830528868 0.7878092082411597 0.6437928231774102 0.9468908026090669 0.9047953754420384 1.1364874169116896 0.9781383702820103 0.6932145619431945 0.9211663342461548 1.066124827106641 0.7227377093321716 0.9077430431883229 0.9472135518891341 0.9987164954482103 1.0262648188481285 0.7585242100353466 1.0002457965149103 1.2681095576109553 1.1738603992262666 1.1034813353125956 1.2635731459312214 0.835005590124485 1.1714080301180942 1.182566171988058 1.1171556171279742 0.8550708719904987 0.9165296398838656 1.3329586004507845 1.224836157433603 1.0075338580172444 1.0321367724725057 1.09097826995717 0.9556520127693292 1.1718227820467997 1.1781761605214356 1.2032395148992332 0.8882430373450516 1.2382562579947676 1.2999546165287779 1.0974888639034621 1.0620157938932535 1.222614120884021 1.2649718862442967 1.0984124617801303 1.3458399381613853 1.2960176409513595 0.7453460752591428 0.8990494075908635 
1.0508903958800657 0.9527358876350515 0.8841407618404851 0.6103092382105975 0.4464809499563316 0.10928619081994595 0.24087189042964963 0.0 0.1257873322262376 0.20260047882223098 0.1395959152264752 0.28345786861172273 0.19908339576218392 0.2658480601363177 0.35669263914978877 0.6222268995820032 0.22714502939017678 0.4166149752904198 0.3994183792863625 0.12753346474498972 0.4423876948233054 0.876933427883938 0.21777195191105903 0.5081423130248142 0.5606577190957915 0.447176637293734 0.5568859160506308 0.47579938999748017 0.8106543759597263 0.5224509391657272 0.4065017746220463 0.6001267836263298 0.6944594629130946 0.5119670507412233 0.5137626274066569 0.8783391915867949 0.7194616986335178 0.7405678773591853 0.9905178548430364 0.5550470833107836 0.44587179957873 0.45479012765341986 0.42805886605432375 0.3906042840221654 1.0085657202329261 1.1036407632554734 0.9480758835959512 0.8513055693400047 0.7343331740006411 0.7757122004057282 0.7682298623817702 0.9319759130549583 0.6280187480681417 1.1481048587745954 1.022381234372633 0.7378380259673338 1.1505823174720755 0.9285479449262999 0.9546184554073444 0.813328498821512 1.2988144617088362 0.8628450777062915 1.0473015410526587 1.2176214408723014 0.9618688371733083 1.434256860146301 1.0875653721032381 1.1853719562545644 0.8785958772666147 0.9252249174490935 1.1846869672660012 0.7972455520146424 0.9496967856369801 1.288031754326562 0.9604559790230726 0.9979052281346147 0.993303245160409 1.379398434415128 1.3318252751325974 0.9302800580770012 1.1676829630166186 1.368483870077434 1.1508751581892984 0.7091936698436633 1.3170489464905715 1.0435962782693742 1.4274993560671643 0.7805506348370206 1.2155132727241162 1.2425387590538712 0.9936126624524898 1.1732656619821376 0.82879129444081 1.1734887157140248 1.324369728553266 1.179413108873182 1.1732184701166888 1.0841388179214917 0.8395738887496756 1.1957553013542161 
1.0219929234270153 1.0634075643173486 0.9321793811508273 0.6665198494221045 0.7025007039077712 0.19465206212093933 0.5272783861705113 0.1257873322262376 0.0 0.5043516530738918 0.08332619711177147 0.567344254157175 0.3910837153369042 0.3400831763827701 0.6280341210397649 0.7420644258157235 0.43410586725213285 0.794742546182178 0.5299792051945797 0.09704102776441914 0.36018792988229476 1.0871346855987516 0.16342695981533228 0.8145308753271006 0.8630157621813671 0.4397519970004461 0.3248365816458658 0.7029607139662679 0.42441599609627767 0.8175018137352759 0.4756022574320694 0.742656794700973 0.7431670702428543 0.29898301468695254 0.1824245509778718 0.6279995720447021 0.525882353603556 0.6675779566654183 1.1042395078663563 0.24393685699073586 0.4754197622506041 0.6593102825646207 0.25524090581159686 0.29674351437371127 1.1169090896881817 1.1010955524988348 0.7661018626874223 0.5494971349262148 0.6483747063077496 0.51674066971105 0.7013400582415767 0.5871720811482612 0.322529875842258 1.1024191822963223 1.2798142231167122 0.5604918276972664 1.2190329261081956 0.6148184036367292 1.1120032444486285 0.7859428622467315 1.4342405698806577 0.7547325534625393 1.3421590017743188 1.2332562374392204 0.7704902308520132 1.4813030826397489 1.2504572283390216 1.2874296604440985 1.03321715912221 0.7810321055209508 0.8524740383166385 0.6209388886136914 0.64478138464577 1.3150161987632887 0.7254863115045842 0.765369381695672 1.1137458470222505 1.4667590910702641 1.413622063778282 0.532730098753212 0.9451351098797884 1.4742606996479206 1.195543653286606 0.795263841158439 1.3378207162795597 0.7732426738171665 1.4045369009423636 0.7442499033386285 1.2630529109385558 1.0467905183037987 0.9473906495292709 1.3682560822965097 0.9234949118651504 1.2031356738841208 1.0432829642438128 1.037776272402035 1.0399999429120725 1.0861124513702607 1.0748962488012266 1.2485921735731225 
1.0066667134991902 0.8309340199806179 0.6570484596882346 0.531725690909395 0.21141631270671402 0.1670010476151138 0.07948840405847124 0.20260047882223098 0.5043516530738918 0.0 0.33461734463693227 0.07130724986659531 0.058437026074132814 0.3014214985550281 0.18109727103605433 0.5024958821749915 0.23259975126751298 0.16048599752140402 0.27749668379789305 0.5170435023354576 0.5509763076564193 0.4367974617660205 0.3939721709713625 0.2932320261382003 0.1918394412432114 0.5344694747962355 0.7146627875241145 0.2834256958675081 1.0754271742686732 0.22091893985659783 0.3841810354420888 0.4173144767842061 0.47125280477617437 0.7912536482612835 0.9978221713483477 0.9478411156340043 0.840395333792219 0.8326874005064853 0.5778528647495351 0.9288724990511157 0.7274241916188269 0.5660239303255523 0.784814438768904 0.667549877273534 0.8126232558792411 0.8175309908389012 0.9203582866972475 1.0620804077441568 0.8335433397065208 0.9102911964717314 0.870592852513582 1.1386168530682348 1.1205109276907157 1.0115006755108147 0.6182972240969054 0.8757759846593285 0.8579290522949788 1.054417780340084 0.8150198254880304 0.7566755881463971 0.8341923624379133 0.9992968695473371 0.6935468362177988 0.8672394853874794 1.133932859146918 0.9625184088962994 0.8407848075740575 0.9682351155096591 0.8707824632716578 1.096841247707996 1.319742247345729 1.0327185077876861 1.1474431927742905 0.9332003818233882 1.0833489101999578 1.199204585148962 0.8897648348622149 0.912949303084868 0.9104121133684454 1.2817004876925506 1.1892595116510414 0.9609908947235675 1.0043524022234787 0.9638917303104647 1.0654466893185004 1.2983757669920017 1.0781656650884615 1.0722352266102242 1.0853010632143834 1.2425812916645453 1.0945433156523208 0.9362811381991811 0.9515018078882022 1.098232777100367 1.2866539828026857 1.0918441313422138 1.2518959762969326 1.0648093764734303 0.8440320132744009 1.0934827299467555 
1.0392662672182253 1.040454805485419 0.9050153207683035 0.6005857194747023 0.6105778848998922 0.07589404957611845 0.29060523994711795 0.1395959152264752 0.08332619711177147 0.33461734463693227 0.0 0.42895557818049534 0.18422198949217106 0.3455464739902827 0.5085075357351703 0.44585530542094964 0.40363871088808534 0.592145226807131 0.3036293315201003 0.18848640453085308 0.164473440178033 0.7668506004334436 0.07157582276024943 0.6857797720467691 0.5811681998470695 0.24658946963597128 0.21689878544481622 0.4881993080246223 0.395813930572501 0.5400428690853726 0.3543553378404488 0.5906492592381306 0.5295756420317426 0.426926011241877 0.37507313129936426 0.44021215885589415 0.49141318316331295 0.4792492259141008 0.8719981676403465 0.3778689873795704 0.49289124676267204 0.5733795909018691 0.3754845766615551 0.35059722532310644 0.8163118169863728 0.914338248087142 0.6136884213372087 0.47079523050710614 0.7136443791440259 0.4541908039452963 0.7940979322384888 0.5663267989025205 0.5113515218572346 0.8264848866264893 1.058390942050662 0.5889587682558162 1.0806183237897689 0.634160284356253 1.0860467436575352 0.6424271455949164 1.2327855505163048 0.8315131378397362 1.1780699854857857 1.03944971585374 0.6743630439012048 1.2458068610315178 1.2451685271754667 1.0103557042360118 1.1130756276678397 0.914525788772405 0.789291215035812 0.7513054265741909 0.7437161596458788 1.0494523579723483 0.8061141445155835 0.8232149321345033 1.1614802192767815 1.1859891603735027 1.189107230131052 0.6983314624394347 0.9504149291991969 1.3113716945560872 1.1187308905139592 1.0351826821622891 1.1259528628858368 0.8012626160678418 1.294410775144032 0.9700433008519258 1.0536177329406737 1.0403546427117254 1.0891718920832114 1.3268885216373176 1.1054169267371956 1.2273474451114093 1.0012084760078166 0.9766289736237554 1.135635479279619 1.1787889764621893 1.0594806061461057 1.0606519345663716 
1.1070891102046545 0.8595726687741847 0.7171678087120614 0.6734985251421753 0.3185626541864811 0.3309771253021647 0.22030723822084586 0.28345786861172273 0.567344254157175 0.07130724986659531 0.42895557818049534 0.0 0.1386371424110735 0.17689886837813507 0.06505036190655922 0.6498464463735005 0.14175633055164893 0.144503106421615 0.3266742019070613 0.5976499943318951 0.7413633029580008 0.48381922786808773 0.472253420328386 0.1444132818200633 0.17503631404607967 0.7192341907603507 0.7841547664702407 0.2597447772382714 1.1119693864501279 0.23201415064678022 0.39152909251276524 0.41462181516745633 0.4450263651699906 0.6224519402542263 0.9852139332839848 1.075596169244878 0.894850347297446 0.9583104963745399 0.4293362879904824 0.8230942172393081 0.9109248503538822 0.7193957673943769 0.748931759522196 0.766807948335846 0.9100325408395213 0.8960508117619225 1.012778524143466 1.1698207626282358 0.581010674872158 0.9937310773206969 0.5930091733769742 1.2366564224941312 1.152674406618043 1.1201728189206026 0.4871680924549112 0.8617333364371746 0.9314038098367862 0.9510436662475241 0.5519142761355794 0.8409190759610562 0.7963657172226888 1.0292391705664325 0.6389602480694478 0.8402225084334397 1.2478863812693652 0.9622504337136348 0.8300157844861632 1.0760116105127129 0.8273696506871937 0.9330393112978953 1.4437871245523557 0.9732102382066203 1.0268624538714577 0.9708561937124118 0.945338176485272 1.267198959865692 0.6327162685653351 0.9382699066622174 0.830554727448167 1.2252748397375905 1.2636117492810106 1.005430547530568 1.0102935372846014 1.00630681108677 1.1770635775938993 1.4518656939242272 1.1267857442531133 1.0511171953378298 1.2142178815508915 1.3417635354154094 0.8289131499656613 0.7191457226392122 1.1151714265991781 0.9941713603781206 1.3871394318675145 0.974289758796539 1.1823025557497127 0.7899802425285105 0.9110631818373163 1.2116903533764765 
1.0820643713876068 0.8838013718533941 0.7851981097922457 0.6345383822452628 0.38258079185995164 0.10341628167777506 0.06859608544271711 0.19908339576218392 0.3910837153369042 0.058437026074132814 0.18422198949217106 0.1386371424110735 0.0 0.2840630023268724 0.26432986611708065 0.4296999346688114 0.27893651768213523 0.2298166029870954 0.12966526753717966 0.4317317742350175 0.3370505661768348 0.3765158676194579 0.20364666661907727 0.3824340455948927 0.17310195892152802 0.3549160284683237 0.46498198699337645 0.1999609849536581 0.8192148233283545 0.18302588020693478 0.24393090679720975 0.3659226364303807 0.32282520852096097 0.6689463730631307 0.8284213955849695 0.6864008372883368 0.6270281435973241 0.697441729852059 0.502412147204053 0.7662451990284125 0.6248358358278971 0.5243357285274047 0.6678119348776731 0.5015202710128036 0.7627145370645589 0.6835419826504481 0.6586204921928037 0.8145148555685334 0.8137547723338722 0.6667059999174216 0.8944646484219445 0.8799406071106899 0.9909490211001509 0.8988926618614362 0.6263316937193265 0.7155527777059252 0.7955646487534143 0.8583690735567362 0.9356914610804292 0.5858333355887988 0.8120606689005277 0.9245220267021805 0.7557717590958654 0.749713366842373 1.0065601547214846 0.8916880139652887 0.915977548853434 0.9452952460870023 0.968018868117657 1.1073772770897825 1.128575597747258 0.9301852020205273 1.007399753124054 0.7974230553208915 0.9545587098995666 1.0792665522556808 1.0188770757063208 0.8182190635581884 0.8505396343210248 1.126350613837587 1.0523720002131431 0.9405938884218965 0.987399947518438 1.0954016771570767 0.9885122772120808 1.1877275526568385 1.0327086365225608 1.155726673078808 1.078479246714701 1.1469389765916902 1.2054429162695308 1.1018978343979555 1.0599889909855813 1.173827109991501 1.1105827017734033 0.9953507705214468 1.2618491639049023 1.1967396368788898 0.9466566789523013 1.105450028047157 
1.1540551691837957 0.9039559491788036 0.8187964299818771 0.7693559523158991 0.5161969083370141 0.37837333904838977 0.467608221418066 0.2658480601363177 0.3400831763827701 0.3014214985550281 0.3455464739902827 0.17689886837813507 0.2840630023268724 0.0 0.2825098315704524 0.9930350951262288 0.26965548678803786 0.5048419694106512 0.35768262256863115 0.49321752117578244 0.796793217101941 0.8822711314186158 0.39806659142386913 0.4136267343964549 0.48959454724481033 0.8826095565371748 0.7135573872149674 0.3166649240756204 0.7870403551865226 0.5444139415408588 0.392175053834958 0.7038392395527997 0.5410847942004822 0.20340762197325324 0.5608554113502788 1.0351097228508404 0.7678649768027749 1.1474373879713813 0.5015413761997332 0.4199520473082453 0.940616764974363 0.9099298553176678 0.5397452746571991 0.5850846527559949 1.2830825940459076 1.0594995577034971 0.8738273974699302 1.0097145507626202 0.46364106511490333 0.8385360625584958 0.4950997987769522 0.9128337064585713 0.7824006408823647 1.3883894888677863 0.6144247224293147 0.6961452997477348 1.1570011771252584 0.625269009661956 0.7606703839187546 0.8648711128476387 1.0106297750396316 0.8738865882992279 0.8236523417648596 0.9068129961924256 1.3177597397332432 1.1792449603366153 1.0508304362610794 1.456460198645075 0.8873847131060265 0.7926950428955576 1.2706805800572165 0.5950981569209254 0.7288263315031183 1.0300674344421028 0.4739816042746109 1.068907095509372 0.7585649598564519 1.0815681901244016 0.8488275018933277 0.7381420727752801 1.1420231635972946 1.1830991200685623 1.1308234517344755 0.9888134012970018 1.3868182779047704 1.3549365042016195 1.2572641623693148 0.9815259459295559 1.5434769768453118 1.159260030386602 0.7294515296913999 0.9957780577508284 1.148258819107389 1.0609050818416184 1.1715172963939824 0.6406152184626108 0.9807380800666078 0.8635767774779712 0.8945072011368128 1.5104694853193346 
0.9494772559228347 0.9910306026372969 0.9012668873065772 0.7056706028730595 0.3869238628333137 0.4494554094732659 0.32597552927741524 0.35669263914978877 0.6280341210397649 0.18109727103605433 0.5085075357351703 0.06505036190655922 0.26432986611708065 0.2825098315704524 0.0 0.6203981177015422 0.06810748033486624 0.10903075337726331 0.42686959606930586 0.5777645907745643 0.8064667258817051 0.5200759144799776 0.528876668447636 0.03784011819149824 0.22870766662180375 0.6954359553037702 0.7889891381939775 0.3589265189983084 1.162668107300674 0.23371092669770233 0.43299794293288574 0.37947581798939434 0.47330610399361017 0.6502707873758091 0.9964720403973785 1.0904015089687604 0.9105007614609593 0.8831470454208711 0.4820625127951623 0.8063625063218947 0.845494710111964 0.6384600617965412 0.682169520434244 0.7974375324439871 0.8305395091866813 0.9310638245771333 1.0821526644272776 1.1693781581159355 0.4466262730115229 1.0242638844854788 0.42588183044722594 1.3134967231325345 1.1406477280041554 1.0582152345204978 0.49086396121473197 0.8428001396498448 0.9286482072505622 0.9543869986898678 0.3247972994328534 0.845313369001285 0.8062663734184714 1.0125916934979768 0.6118745505946176 0.8767097509167471 1.1741643062889469 0.9888269218954624 0.7967140683966775 0.9890631509174753 0.7277531218220844 0.795797416373519 1.4863298062413541 0.9832428227832551 0.9805037628244755 1.0276163277658732 1.024747011957477 1.252594153813372 0.4286294017969251 1.0112305652601246 0.8884679276139419 1.2552599028593994 1.2924657228195318 1.031247809547544 0.9203440150534048 0.9477341377782463 1.13646594602597 1.4743491336500536 1.1798162455592531 0.9353437134275058 1.1287498772194762 1.4293248733776138 0.6627608959660949 0.5068906985995743 1.1712707899338803 0.8295984151510678 1.4957422862602747 1.0736742606322804 1.1307219225785505 0.5908133674356901 0.9370763455671279 1.1357375051815624 
1.0218951521102007 1.1175011859301827 0.9326646941766664 0.5849598704905208 0.7047708981591808 0.42211288745043685 0.3114522819161716 0.6222268995820032 0.7420644258157235 0.5024958821749915 0.44585530542094964 0.6498464463735005 0.4296999346688114 0.9930350951262288 0.6203981177015422 0.0 0.6968679027323317 0.4796716555756123 0.5659715123112886 0.7112239159920692 0.23494923907523046 0.47798471336279913 0.5244939333752839 0.6654800439083036 0.5009440292903713 0.21277716004609182 0.5112372619215972 0.6947799255580946 0.75821427434229 0.44239996659957026 0.7369705816218205 0.6173695261753769 0.6998372495174454 1.2168233592251854 1.120844683670672 0.4211840736270577 0.8792020913476598 0.1371893612245716 0.9494928638207561 1.0715959784649496 0.6844001098189095 0.5141141386265069 0.9217551154382134 0.9427439956062797 0.12263960757129944 0.8786951963525642 0.8524581785675832 0.6090479906931108 1.0354879094863796 0.7826141985402487 1.0675202553907017 0.9431477112417878 1.0379523252184186 0.2007728345592571 0.9411935269352077 1.0353580491103267 0.9741307896621295 1.1190146889880372 0.8830404495172763 0.7511415462497734 1.0390185207073783 1.1471282390279216 0.9709771155824466 1.034623699984915 0.3682306777357417 0.9662468351188499 1.2120470126856793 0.2278678870193842 1.1763277339474558 1.1216311720239085 0.7490960293401675 1.3303093613221544 1.1969433209971134 0.8556974683590624 1.4262160354414426 1.0125369536322806 1.1045872279010935 0.9195110620922547 1.062916827740589 1.2868177700119705 1.1188748757158409 1.1104293767824922 0.9396615041321804 1.2536475882939484 0.6777533002102032 0.7258736316229892 1.179255637707274 1.1676678251588835 0.30586347753514576 1.1230377233353588 1.1755296427100714 0.9310966573171424 1.2804131829329015 1.0666891842640347 1.1679421261927532 1.2248819239492459 1.2474817765228827 1.0883910085797566 0.9460706527859738 0.3310869613233063 
1.0013457417871663 1.0238984710418364 1.0152439073899997 0.8203161031825785 0.5166887461622285 0.40522871929640825 0.37437786645559534 0.22714502939017678 0.43410586725213285 0.23259975126751298 0.40363871088808534 0.14175633055164893 0.27893651768213523 0.26965548678803786 0.06810748033486624 0.6968679027323317 0.0 0.16725118806338057 0.41408584998360487 0.3191421682501707 0.7114785353653539 0.6233167202521042 0.3635490176748932 0.10069969289095915 0.3155462731260096 0.5759804442824394 0.644919628824242 0.3982125911634571 1.0750426988832955 0.2878764403369938 0.2997376640535755 0.30643418939456346 0.4412186530858956 0.5276845179212253 0.7349784228526799 1.021241189512729 0.6918236874887272 0.843275379066239 0.6276019172122143 0.6254742208946972 0.5759601452689947 0.4714960137059184 0.413122044584055 0.5149232120578044 0.9369564165394392 0.89335024218379 0.9820683704542283 1.0211322883086336 0.3721771178413317 0.8364395581715408 0.3769137576597711 1.1617297458961928 0.8784079727462057 1.1496863492082492 0.6527046740390956 0.6174671825351011 0.8735869215152957 0.8407953963215942 0.3928441621852312 0.7004435105367162 0.8891897364693752 0.7841888157147212 0.6875787170335704 0.9035616645037013 1.108356495402333 1.0960649818654242 0.7112227735774326 1.102231923185237 0.5746775161565487 0.6610044222998372 1.4292516210789215 0.7896713179430921 0.815582220703909 1.121719105661476 0.9828091455953262 1.0536979251892558 0.42725080886840294 1.1581373972013447 1.0596303968748566 1.1050833680003356 1.128107266129857 1.0741623898137227 0.8332291487254871 0.6852979461614297 1.1385269904655984 1.341728755189836 1.194428948332188 0.6860867355836456 1.2029349832957223 1.3476817369717256 0.6626777526411902 0.5997515911950482 0.939125435173802 0.7773579989318564 1.4323931592267776 1.2104914694339737 1.0499302430352293 0.6252996493545144 0.9627796412192532 1.2194020615029997 
1.0350737772880543 0.9246104384712309 1.0410226788225279 0.8590479681812011 0.4764412116626635 0.46258792047854325 0.1901095751948787 0.4166149752904198 0.794742546182178 0.16048599752140402 0.592145226807131 0.144503106421615 0.2298166029870954 0.5048419694106512 0.10903075337726331 0.4796716555756123 0.16725118806338057 0.0 0.3291802815006972 0.6218728016606645 0.7051941879022856 0.31926923526592954 0.537251695556707 0.08359650805544283 0.10013947185640226 0.5389183572658724 0.8415415630951265 0.2584695672890418 1.3398162936507299 0.07394385261514225 0.3771581864831407 0.2874178221286464 0.42229485170722836 0.9790182355867088 1.2312203863517144 1.0565506527793045 0.9020240161101457 0.80323106232524 0.49968221248346656 1.1185048358151612 0.6521942915061507 0.378890733416797 0.8434112871930988 0.7590659719170434 0.6509068684640691 0.7537214645145925 0.9873640701101507 1.1863021996883936 0.7400611128220855 1.0355029874899955 0.7520441245969308 1.3595734931396875 1.3195106032148525 0.9267330028491263 0.41693881979907965 0.9044483380399936 0.7200058527226695 1.1788633644999542 0.4826896573223507 0.6975154148451814 0.6643661324704169 1.018560912497922 0.45852997280975405 0.7694227369422967 1.1536237321527065 0.8352710720987824 0.669058161208238 0.7841960708970691 0.6826892630753981 1.0422132754080347 1.5155252868149234 1.1257561267600882 1.2172847692057964 0.8581936239230867 1.2730909258679293 1.2867591974819406 0.5993162550875577 0.8158501954376648 0.8284842741314966 1.5397953150436565 1.2704739034795662 0.8340431452153385 0.8126049963486834 0.9232343728237618 0.917640008520066 1.4782339989122963 1.0536896315071858 1.0226366379448095 0.9521646770907058 1.4202940447063375 0.987183551920349 0.5908399746133446 1.026724261177728 0.8951000898885724 1.4852274610140304 1.25425152453422 1.2744431047927949 0.8691038900339542 0.8184128284704378 0.9843556191437804 
1.0814421853715541 0.8528971625596456 1.1430029794157015 0.946783159823363 0.6656990539631977 0.2945495284865046 0.19723967479539484 0.3994183792863625 0.5299792051945797 0.27749668379789305 0.3036293315201003 0.3266742019070613 0.12966526753717966 0.35768262256863115 0.42686959606930586 0.5659715123112886 0.41408584998360487 0.3291802815006972 0.0 0.5237371566646429 0.36070011812704805 0.41026068773992486 0.19572174012246568 0.4726395732644614 0.1935597095541034 0.3710987634746582 0.4600171979404353 0.05594185078448555 0.7308045191795243 0.15901242667864424 0.11260424360373711 0.4488519442891239 0.18917600039701876 0.6046367396242194 0.7900579198854354 0.5731765593500706 0.4649368098736312 0.7575518349704545 0.34823803171120216 0.7134706942596546 0.5420618247675342 0.4362266019773988 0.6342222784079936 0.37945734685413823 0.7777092833394788 0.5485529525533432 0.3592019855171783 0.6639427274643066 0.7913382206758834 0.5130070027370679 0.9231606663133793 0.6478947198254674 0.927969240121105 0.8890701193603617 0.4002237191850575 0.5440513958526401 0.6826485246996361 0.6631459807613449 0.9895124124269504 0.3390641547645463 0.6375309787956864 0.7249663606763579 0.5283485339591145 0.48714603836527226 1.032623363866085 0.7297313297277632 0.8880458560940812 0.9372225909032542 0.8391226472457259 1.0656248610879833 1.0034018038330401 0.6661146223243596 0.8539981590540464 0.4682917683937762 0.6999570981614487 0.8908173606725668 1.028646520690169 0.5504114863777625 0.5544855851889735 0.989764789155445 0.8646167315400967 0.7340013188012129 0.769376959403734 1.1375967422545994 0.7683222362617288 1.1965259445541405 0.9270063842992287 1.1775878892421208 1.0990985149000199 0.9459553051298318 1.248939320506553 1.1336167560135402 1.1315576220858448 1.0461672871978454 0.8820975354539855 0.7520883162087209 1.0779932297883326 1.3256648129644057 0.8067144609944725 1.139790803757608 
0.9981235485954911 1.073857081630988 1.1808344316067159 0.8655292183019934 0.8036878304062014 0.2775555786983951 0.5044204885389387 0.12753346474498972 0.09704102776441914 0.5170435023354576 0.18848640453085308 0.5976499943318951 0.4317317742350175 0.49321752117578244 0.5777645907745643 0.7112239159920692 0.3191421682501707 0.6218728016606645 0.5237371566646429 0.0 0.38473855013371405 0.9857574950374 0.16415105350669812 0.6777738580955608 0.7776311715986932 0.32775322875617996 0.3745788917748978 0.6773868451383873 0.6673010015967382 0.6739730658723904 0.37901338495711623 0.5584223018910208 0.6900646229401015 0.48177790581884883 0.2873069239324889 0.7091237966554933 0.47422985059811507 0.6292742701800569 1.163109383654166 0.4001177245774592 0.20449180594884908 0.34574060927360284 0.20207451643216967 0.18566007186104327 1.0379473902595322 0.9926914349884366 0.7849518134330751 0.614944168040383 0.6593665884950695 0.5400435066475836 0.7121828081923298 0.7242523561024972 0.38796630438688184 1.1019193891997736 1.2352135960898867 0.49875702843301284 1.0250431365224488 0.7637053040511971 0.9801464382705948 0.6510702396930048 1.3322917927609421 0.6523776960999192 1.1801148396399372 1.1858825061578957 0.7815231758779412 1.4323197840224955 1.0094120766589372 1.1916509480516326 0.7844261707109617 0.764335106706919 1.0166980103814447 0.6518622618692342 0.7220647978955957 1.3185808820702205 0.95767975309401 0.7565185052734782 0.9685558846512763 1.4621665121690754 1.480685493585624 0.7565288732032617 0.9281938613045864 1.353507414255285 1.0041687107523647 0.5569610232736386 1.2058587320289362 0.8453335012473998 1.3556773083985785 0.5716773108389129 1.181276708904904 1.1406905105566827 0.9858666940530457 1.2114956749402095 0.7222689950546812 1.065150992370907 1.1775777592969736 1.33549494081314 1.076694943433061 1.0619075225309307 1.0171465362860512 1.1935018457668136 
1.045186141136073 0.9842283894983137 1.0224972319905399 0.7630142217392067 0.8565639907841623 0.23797303917421442 0.35785608951227765 0.4423876948233054 0.36018792988229476 0.5509763076564193 0.164473440178033 0.7413633029580008 0.3370505661768348 0.796793217101941 0.8064667258817051 0.23494923907523046 0.7114785353653539 0.7051941879022856 0.36070011812704805 0.38473855013371405 0.0 0.5964396807250151 0.15361367572744045 0.9112410920718403 0.6071509640579987 0.065049802981207 0.14415575851336926 0.6045352102061938 0.3535129623593246 0.5398759207388711 0.42131220028870686 0.5706113617966311 0.49706226351306326 0.8086458506967668 0.5752707153874693 0.15773945066405115 0.3977901949737961 0.19545729185029193 0.9472150923897993 0.6275865555135035 0.41401793675121856 0.4736676870602078 0.5231915487728078 0.42409148484565584 0.45384989027523626 0.6840364485888721 0.4159006933709706 0.24365198060396587 0.949067335971632 0.3111799345487041 1.0761373524361617 0.4261005934780393 0.5875834098223571 0.4101989035057062 1.1115813963963128 0.5792439273513665 0.8562029710086039 0.6896036481978707 1.2312842698712017 0.4486097450941712 1.078438076358633 0.7839536251780108 1.1446362871547127 0.8788557703098067 0.3573657159017384 0.9855906852158817 1.1888334397939297 0.5905363651976885 1.148635037700975 1.0172991660535238 0.4942814869562553 0.888777150312722 0.7955688260861934 0.7909120633568594 1.0304159989034245 0.6635077651336749 1.326030897503717 0.9380780675107045 1.103771647582651 0.8169848676909393 0.7334046567788668 1.0906135373538042 0.9014133754816793 1.123916694265645 0.7105700392477987 0.5198795483342813 1.0691972773921383 1.0346306948991613 0.629016912387917 0.8396016722982902 1.3281412096743317 1.3571730836921532 1.0970098514214408 1.1694503430557774 0.7744882879929106 1.1004835779703368 1.124604557530875 1.349777663697355 1.1098731569019136 0.6738171210951274 
