[[1.         0.24768363 0.20641693 0.20765096 0.21917511 0.16692665
  0.14643971 0.14265474 0.12195671 0.1537169  0.12829704 0.13822228
  0.1237394  0.11824555 0.14224586 0.10865237 0.11935898 0.11550876
  0.09811264 0.10921685 0.10002475 0.09309472 0.09915799 0.10949116
  0.09283598 0.09042142 0.07786316 0.09189421 0.05984873 0.09456655
  0.08853081 0.07972718 0.08785444 0.06663529 0.05587374 0.06818932
  0.06026593 0.06286646 0.07195575 0.06760877 0.06396783 0.06532067
  0.06752551 0.06355529 0.06219418 0.06273237 0.0565515  0.05649986
  0.06875621 0.05955277 0.06503437 0.0527189  0.05027796 0.04513978
  0.05839043 0.05969989 0.05293581 0.05609155 0.06054243 0.0505912
  0.05037042 0.06132664 0.05483339 0.05185641 0.05309588 0.05450121
  0.04956024 0.04990639 0.03939631 0.04364991 0.05013229 0.04477563
  0.04707377 0.04500223 0.04808626 0.04013054 0.04345068 0.04906885
  0.04400921 0.04326179 0.03742016 0.04246943 0.04374911 0.04221786
  0.03739924 0.04065408 0.03672108 0.03519909 0.03904578 0.0341462
  0.0367145  0.04114062 0.03017214 0.0369103  0.03550077 0.02962105
  0.03536581 0.03661792 0.0322166  0.03059506]
 [0.24768363 1.         0.19280351 0.1735924  0.18705129 0.15630431
  0.14687458 0.13601866 0.1086637  0.15114374 0.12101298 0.13669158
  0.12581936 0.12129109 0.1289948  0.1061063  0.10765209 0.11647953
  0.0957899  0.11664896 0.09980624 0.10024038 0.1007232  0.10637504
  0.10248871 0.08964118 0.07585315 0.10076688 0.05668858 0.10498097
  0.09977823 0.08430054 0.09401629 0.06631561 0.05189919 0.06998859
  0.06030293 0.06527587 0.07997859 0.06444691 0.06381317 0.06986748
  0.06702209 0.06710316 0.06578499 0.06714586 0.05941695 0.05710027
  0.07442347 0.06324057 0.062527   0.05310765 0.04863796 0.04524827
  0.06606331 0.06303833 0.05798028 0.05918024 0.05967505 0.05098584
  0.05305765 0.06570156 0.06046429 0.05686177 0.05975289 0.06292901
  0.05711925 0.05613189 0.0391422  0.04762777 0.05341147 0.04620067
  0.05046809 0.04772365 0.05316873 0.04267592 0.04580227 0.05061638
  0.05084538 0.04951793 0.03572842 0.04510562 0.04992712 0.04758574
  0.03957915 0.04425052 0.04259385 0.03733629 0.04088915 0.03673901
  0.03540747 0.04140034 0.03494865 0.03902465 0.03846685 0.03145198
  0.03869615 0.03425486 0.03358402 0.03665607]
 [0.20641693 0.19280351 1.         0.18308879 0.18444369 0.15437596
  0.14039284 0.14377009 0.12933862 0.15035445 0.13401133 0.14190798
  0.12874978 0.12726123 0.13134262 0.1104048  0.1130623  0.11502308
  0.10476792 0.10601287 0.10295231 0.10063578 0.1060633  0.10630849
  0.10344233 0.0942269  0.08479418 0.09312089 0.06451613 0.1025494
  0.08961214 0.08995809 0.09172907 0.07474684 0.06344034 0.073403
  0.06374285 0.06725398 0.07962361 0.07478937 0.06688027 0.06940857
  0.0730975  0.07010852 0.06752297 0.06839943 0.05856137 0.06120073
  0.07314101 0.06743079 0.07013912 0.0553123  0.05536803 0.04858697
  0.06355255 0.06228917 0.05739945 0.0603851  0.06108614 0.05452813
  0.05468384 0.0644457  0.06191424 0.05676162 0.05687231 0.05738865
  0.05184909 0.05459383 0.04343212 0.04789492 0.05163647 0.05492888
  0.05171108 0.04904694 0.04947589 0.0440344  0.04903058 0.05244125
  0.0465824  0.04557969 0.04058655 0.04814431 0.04491922 0.04647354
  0.04013109 0.04373842 0.04074969 0.03896121 0.04333905 0.0391509
  0.04133469 0.04285647 0.03367496 0.04106046 0.03838153 0.03245722
  0.03857618 0.04004099 0.03485404 0.03347146]
 [0.20765096 0.1735924  0.18308879 1.         0.17899017 0.16655142
  0.15255655 0.14914549 0.13486933 0.15744471 0.14831105 0.13779342
  0.13312484 0.12856608 0.1358431  0.15992977 0.11800141 0.11780993
  0.11661888 0.11842583 0.12658074 0.10417958 0.1136032  0.11690094
  0.10617333 0.11633679 0.09431677 0.10147735 0.08223558 0.10808501
  0.09975918 0.09095514 0.09685557 0.08083895 0.06755961 0.09617419
  0.07713677 0.07209036 0.08536597 0.08822872 0.07657789 0.07666752
  0.07798386 0.07633373 0.08201413 0.07631409 0.06895984 0.07174866
  0.08245161 0.07508904 0.07889229 0.06623529 0.06207723 0.06746822
  0.06689573 0.07233921 0.06239327 0.06991993 0.06612275 0.06926673
  0.06925994 0.07372163 0.06136746 0.06372795 0.06026892 0.06449341
  0.05696774 0.05445194 0.05374134 0.05792467 0.05658663 0.05427453
  0.05528117 0.05562289 0.05889495 0.04933076 0.05416033 0.05604928
  0.05120268 0.05040664 0.05301573 0.05193933 0.04834489 0.05337986
  0.04300977 0.04968389 0.04393303 0.0486484  0.0474368  0.04408237
  0.0490502  0.04607628 0.03527636 0.04413518 0.04630504 0.03790531
  0.0467052  0.04411147 0.0445638  0.03608528]
 [0.21917511 0.18705129 0.18444369 0.17899017 1.         0.16910122
  0.15903104 0.15540164 0.12914864 0.16392932 0.14162586 0.15168151
  0.14232656 0.14149539 0.1466837  0.12801379 0.131809   0.13134195
  0.11502555 0.1366826  0.11795921 0.11494138 0.11851148 0.12364679
  0.1154932  0.10909684 0.09308052 0.11446877 0.07065672 0.12478831
  0.10820633 0.10174414 0.10848948 0.08234703 0.0668752  0.08505949
  0.0738959  0.08230537 0.09507561 0.08022662 0.08286901 0.08460826
  0.0836482  0.07808369 0.0796849  0.08079449 0.07212057 0.07119404
  0.08622016 0.07827619 0.08016991 0.06480799 0.06223719 0.05685585
  0.07854459 0.07615988 0.06908049 0.07022917 0.0765481  0.06343853
  0.06559137 0.08007461 0.07166371 0.06894699 0.07265371 0.07306723
  0.06488833 0.0665792  0.04972481 0.059356   0.06608818 0.05872301
  0.06029289 0.05927754 0.0642098  0.05415975 0.05762427 0.0637828
  0.05950504 0.05953756 0.04689658 0.05718947 0.05694275 0.05826993
  0.0495389  0.05484792 0.0513369  0.04804124 0.05234345 0.04742133
  0.04937723 0.05269714 0.04338137 0.05011131 0.04676783 0.04108274
  0.04945643 0.04590909 0.04383179 0.04301336]
 [0.16692665 0.15630431 0.15437596 0.16655142 0.16910122 1.
  0.17836922 0.17149988 0.17859021 0.16228101 0.1907995  0.14809025
  0.15681762 0.14098203 0.14574382 0.15604455 0.13918231 0.13810143
  0.14709935 0.16013213 0.15609515 0.12854167 0.15355731 0.12929431
  0.12720016 0.14190806 0.134066   0.1270373  0.10865457 0.14191971
  0.13472349 0.11606742 0.13823997 0.10312228 0.10301169 0.12377638
  0.11422346 0.11614664 0.10521805 0.10998692 0.10479754 0.10742211
  0.11590491 0.10524583 0.10751726 0.10400325 0.10298623 0.11135305
  0.10515686 0.12656673 0.0946703  0.10634729 0.09762684 0.0895717
  0.08804848 0.10220939 0.08840909 0.09450714 0.08280506 0.0992137
  0.09380972 0.10864297 0.08774705 0.09399692 0.08410956 0.09425785
  0.08634808 0.07867829 0.07727438 0.08138659 0.08571692 0.07998003
  0.08390413 0.08319806 0.08560276 0.07240849 0.08488152 0.0766357
  0.07944509 0.07552716 0.0723856  0.07963056 0.07522079 0.07679506
  0.06520035 0.0767488  0.06803364 0.07027368 0.07111528 0.06656624
  0.05979142 0.06353981 0.05453405 0.0687092  0.06916037 0.05397667
  0.06757485 0.05559078 0.06597477 0.05552647]
 [0.14643971 0.14687458 0.14039284 0.15255655 0.15903104 0.17836922
  1.         0.17710873 0.14036465 0.16044899 0.18674664 0.14378155
  0.15515613 0.12717213 0.1391384  0.15793941 0.13460461 0.14219028
  0.12704008 0.16494371 0.16317142 0.14567155 0.145753   0.12889648
  0.13265734 0.12814066 0.11004101 0.13855984 0.09721289 0.14404242
  0.13798577 0.12109779 0.12628748 0.08916037 0.08045685 0.1146447
  0.10010453 0.12200475 0.10444293 0.09428535 0.10561194 0.12384579
  0.10056203 0.09873825 0.11324227 0.11034349 0.10634849 0.10097207
  0.09672609 0.10583582 0.08781611 0.0976181  0.08311419 0.08510229
  0.09922971 0.09836725 0.09211971 0.08846892 0.08440407 0.08915265
  0.09920146 0.11128946 0.08745529 0.09152969 0.09296075 0.09402025
  0.08274967 0.07819383 0.07466051 0.08988693 0.08688282 0.0801868
  0.08477059 0.07711817 0.08759864 0.07012318 0.08637679 0.0755889
  0.0811712  0.08184743 0.06368863 0.07856849 0.08385968 0.07684525
  0.06321364 0.08266044 0.06548473 0.07506578 0.066655   0.06784615
  0.05775537 0.06629124 0.05457159 0.0697162  0.07129982 0.05661991
  0.0686133  0.05341679 0.06896629 0.06171941]
 [0.14265474 0.13601866 0.14377009 0.14914549 0.15540164 0.17149988
  0.17710873 1.         0.18143822 0.15306938 0.18664555 0.14836295
  0.15008228 0.14886046 0.14715765 0.1475319  0.14572293 0.14249525
  0.15835911 0.14590194 0.15309506 0.12385434 0.15072425 0.13370482
  0.12293531 0.126573   0.11459625 0.12848925 0.0980157  0.13157829
  0.1335353  0.13140159 0.12651461 0.11464532 0.1132052  0.12093579
  0.09689887 0.1255213  0.0965152  0.11422367 0.11467378 0.11383648
  0.11958853 0.10514713 0.10246942 0.10171201 0.10293332 0.09609622
  0.10980844 0.10836077 0.10178908 0.09431405 0.09974746 0.08063162
  0.09153249 0.10417436 0.08828889 0.09270742 0.08997659 0.09979919
  0.08697096 0.10899429 0.08242686 0.09814983 0.08643356 0.08835459
  0.0725691  0.07959956 0.08375798 0.0798313  0.09261958 0.0877756
  0.09122876 0.08576156 0.08033827 0.07579696 0.08582883 0.08254601
  0.07257123 0.06946734 0.07329725 0.08234266 0.07248212 0.08388026
  0.07292489 0.07572393 0.0617589  0.06710473 0.07711301 0.0690591
  0.06804784 0.06964476 0.06133549 0.06624858 0.06828702 0.05310346
  0.07045614 0.06639539 0.06568276 0.05767598]
 [0.12195671 0.1086637  0.12933862 0.13486933 0.12914864 0.17859021
  0.14036465 0.18143822 1.         0.13911086 0.18990644 0.13727301
  0.15418929 0.17121303 0.13958024 0.14300219 0.14511518 0.12272981
  0.18556214 0.14914207 0.15900904 0.11194655 0.16689821 0.12595173
  0.12214543 0.14109568 0.15448468 0.12201956 0.13809115 0.13638797
  0.14382187 0.12276739 0.13999187 0.13670174 0.15439651 0.13966852
  0.13170073 0.12807251 0.10780874 0.14881815 0.12037795 0.12211679
  0.15152431 0.1245064  0.10758252 0.11201984 0.11508844 0.13213802
  0.12730846 0.12817256 0.12201402 0.1280844  0.1449307  0.10838362
  0.09492203 0.11642559 0.09496212 0.12153932 0.10098248 0.12856105
  0.10012252 0.11975211 0.09475205 0.11598799 0.09176733 0.10123407
  0.08727524 0.09108461 0.11143823 0.08674665 0.10221606 0.10901371
  0.11515376 0.09990809 0.09456622 0.09618405 0.10633058 0.09457885
  0.08140351 0.08190842 0.09999554 0.09511141 0.07863894 0.09050605
  0.08735244 0.08540946 0.07691965 0.08031356 0.09630856 0.08225571
  0.08979936 0.07904942 0.07134963 0.08790395 0.08662256 0.06903278
  0.08771742 0.08392358 0.07767518 0.0609611 ]
 [0.1537169  0.15114374 0.15035445 0.15744471 0.16392932 0.16228101
  0.16044899 0.15306938 0.13911086 1.         0.15577886 0.15129919
  0.15236001 0.14023189 0.15135644 0.14352775 0.14079023 0.1413125
  0.12969166 0.14795066 0.14030046 0.12830542 0.13812036 0.13208867
  0.13482605 0.12884866 0.11331229 0.12991672 0.0942997  0.13326624
  0.1278272  0.11557957 0.13353741 0.1001581  0.08598044 0.10938118
  0.09401197 0.10299853 0.11167245 0.10524252 0.10020796 0.10165072
  0.1040681  0.09892552 0.10168766 0.10559211 0.09490818 0.09748095
  0.10654856 0.1021409  0.09829663 0.08703801 0.08450918 0.08215306
  0.09343267 0.09887392 0.09179643 0.09212751 0.08744397 0.08537089
  0.08392234 0.10430209 0.09015166 0.09501064 0.0907766  0.0947516
  0.0829456  0.08543043 0.06799913 0.07872181 0.08525303 0.07780505
  0.07925044 0.07602924 0.08616163 0.06946234 0.07995335 0.08037068
  0.07889443 0.0756484  0.0673194  0.07714554 0.07316396 0.07801593
  0.06957081 0.0742333  0.06898908 0.06561485 0.07163846 0.06603707
  0.06089805 0.06694195 0.06030956 0.06529261 0.06647033 0.05635387
  0.06550795 0.05909942 0.06093671 0.05848159]
 [0.12829704 0.12101298 0.13401133 0.14831105 0.14162586 0.1907995
  0.18674664 0.18664555 0.18990644 0.15577886 1.         0.14452847
  0.16658866 0.15026092 0.14674295 0.16952769 0.14594808 0.13531384
  0.15292903 0.1742342  0.17757977 0.12865029 0.1790791  0.13191223
  0.13746332 0.15398248 0.15300261 0.1369293  0.14240736 0.1488246
  0.15181805 0.12663737 0.1536176  0.13086046 0.13135588 0.15137365
  0.13518136 0.13979985 0.11835052 0.14250052 0.12142959 0.12501604
  0.13976767 0.11750197 0.12937336 0.12602847 0.12625843 0.13819397
  0.12995814 0.13781699 0.12202422 0.13598046 0.11679567 0.11794235
  0.10789086 0.12031536 0.10762729 0.12631273 0.10312897 0.12423287
  0.11495147 0.12921774 0.10023377 0.11783314 0.0971331  0.10978746
  0.09764034 0.09370756 0.10279118 0.10464375 0.10229796 0.10530568
  0.10726572 0.10211015 0.10563543 0.09582292 0.10933127 0.097461
  0.09421071 0.09113071 0.09994516 0.10236397 0.087515   0.09753107
  0.08321943 0.09524078 0.08239733 0.09255937 0.09466109 0.08750109
  0.08655418 0.080917   0.07051578 0.08763967 0.09326078 0.07353463
  0.09186181 0.08103466 0.08552911 0.068352  ]
 [0.13822228 0.13669158 0.14190798 0.13779342 0.15168151 0.14809025
  0.14378155 0.14836295 0.13727301 0.15129919 0.14452847 1.
  0.14346591 0.14640258 0.1487425  0.12862824 0.13873279 0.13804679
  0.12759888 0.13566193 0.12676819 0.11922331 0.13338317 0.13446735
  0.13052819 0.12090757 0.1068812  0.12861864 0.09062223 0.12739619
  0.12536083 0.11639221 0.1257608  0.10781635 0.08633079 0.10252422
  0.0900817  0.09771461 0.11069131 0.10789725 0.09370416 0.0995366
  0.10246802 0.09636043 0.09608725 0.09999902 0.09251897 0.08990733
  0.10969768 0.09985549 0.10597535 0.08525164 0.08398786 0.07930445
  0.09904417 0.09965141 0.08781861 0.09347426 0.09473151 0.0822973
  0.0834136  0.10075454 0.09367783 0.08779489 0.08813665 0.09325042
  0.08040254 0.08504224 0.06743497 0.0740725  0.08481192 0.08222179
  0.08596612 0.08273244 0.0819885  0.0707633  0.07783411 0.08502315
  0.07716431 0.07597874 0.06662877 0.07669732 0.0723145  0.08128423
  0.0657207  0.07259902 0.06807838 0.0633684  0.07046739 0.06585325
  0.06897172 0.0727648  0.05570389 0.06640829 0.06505524 0.05653718
  0.06771917 0.06523823 0.058801   0.05816847]
 [0.1237394  0.12581936 0.12874978 0.13312484 0.14232656 0.15681762
  0.15515613 0.15008228 0.15418929 0.15236001 0.16658866 0.14346591
  1.         0.13863053 0.13979652 0.14449213 0.13697868 0.13870246
  0.1366209  0.1456276  0.14773405 0.13068465 0.14667145 0.13216896
  0.13402943 0.13396761 0.13292183 0.13962155 0.10343021 0.13851721
  0.1344573  0.12386153 0.13411302 0.10856353 0.10456306 0.11720801
  0.10815752 0.10828719 0.11206869 0.11539423 0.10728729 0.11108443
  0.11858666 0.10802734 0.10993259 0.11205905 0.10327432 0.12354632
  0.11143682 0.12339005 0.10574074 0.10342039 0.0963565  0.09062958
  0.09796146 0.10456879 0.09806023 0.10067221 0.09429257 0.09628658
  0.09807558 0.11426185 0.09829669 0.09965159 0.09714959 0.10137036
  0.09121495 0.08819353 0.08301769 0.09167399 0.09646005 0.09072181
  0.0944081  0.09004965 0.09318319 0.07727403 0.09298519 0.08888278
  0.12593434 0.08343849 0.07680949 0.0905448  0.08284672 0.08749855
  0.07394731 0.08544848 0.0780414  0.07660138 0.08137658 0.10836683
  0.07084571 0.07734518 0.0623307  0.07798572 0.08720361 0.06160036
  0.0759604  0.06735503 0.07180772 0.06879844]
 [0.11824555 0.12129109 0.12726123 0.12856608 0.14149539 0.14098203
  0.12717213 0.14886046 0.17121303 0.14023189 0.15026092 0.14640258
  0.13863053 1.         0.14936641 0.12375005 0.13978155 0.12719361
  0.1431783  0.14054382 0.1300906  0.10598711 0.13708353 0.13421611
  0.11995338 0.11924108 0.11880858 0.12261395 0.09913192 0.12283125
  0.13094184 0.11490315 0.13058756 0.13355479 0.10680435 0.10788712
  0.10154046 0.10316819 0.12264744 0.13072457 0.10217665 0.10274168
  0.11331404 0.10802039 0.09561069 0.10041831 0.09741633 0.09685984
  0.12092442 0.10643054 0.11629009 0.09558283 0.09782383 0.08348819
  0.10350556 0.10403309 0.08531392 0.10991902 0.10370533 0.09164289
  0.08365963 0.10568993 0.09248466 0.10187368 0.09327765 0.09682963
  0.08236237 0.08844883 0.07852124 0.0782444  0.098163   0.0936323
  0.10089973 0.08779237 0.08866864 0.09992974 0.08701978 0.09413159
  0.07839951 0.0866751  0.0818297  0.08426043 0.07755141 0.0855775
  0.07623325 0.07719105 0.07104332 0.06856391 0.08225793 0.07111339
  0.08596152 0.07851748 0.06483885 0.07268346 0.07377561 0.07015321
  0.07817054 0.07951458 0.06139538 0.0606211 ]
 [0.14224586 0.1289948  0.13134262 0.1358431  0.1466837  0.14574382
  0.1391384  0.14715765 0.13958024 0.15135644 0.14674295 0.1487425
  0.13979652 0.14936641 1.         0.13124358 0.14856998 0.13676423
  0.13034197 0.13843278 0.1279283  0.12296911 0.13547495 0.14000567
  0.13079996 0.12527231 0.11604537 0.12191137 0.09548347 0.131797
  0.13211684 0.11739463 0.13012503 0.11005023 0.09146292 0.10680679
  0.09562954 0.10387482 0.11539976 0.10953116 0.09819799 0.1039765
  0.11062751 0.09657423 0.10426841 0.10202738 0.09431739 0.09680502
  0.12153356 0.10409813 0.11664568 0.08878538 0.08736213 0.08193874
  0.09991942 0.10268015 0.09158679 0.09798895 0.10437598 0.08830775
  0.0872947  0.10524504 0.09522582 0.0980442  0.09309015 0.09836871
  0.08580416 0.09132084 0.07109521 0.08205907 0.0952545  0.08945387
  0.08635667 0.08422066 0.08650047 0.07972725 0.08548775 0.09702987
  0.07940988 0.08180595 0.07174146 0.08057661 0.07664931 0.0853517
  0.07445039 0.07694708 0.07036274 0.06839924 0.07980087 0.06949161
  0.08090448 0.08105233 0.06001073 0.07474005 0.06882487 0.06177044
  0.07271591 0.08087833 0.064033   0.06396863]
 [0.10865237 0.1061063  0.1104048  0.15992977 0.12801379 0.15604455
  0.15793941 0.1475319  0.14300219 0.14352775 0.16952769 0.12862824
  0.14449213 0.12375005 0.13124358 1.         0.12876055 0.13592824
  0.13250157 0.14840132 0.16399055 0.13883212 0.14043288 0.12484137
  0.13103142 0.15592561 0.1318341  0.12820642 0.11528905 0.13292468
  0.13490281 0.12873185 0.13232052 0.10322976 0.10056264 0.17459231
  0.11974426 0.11270821 0.11298882 0.11444602 0.12477073 0.11117446
  0.10949927 0.10339547 0.16994698 0.11906273 0.11394487 0.11315323
  0.1106383  0.12126597 0.10670145 0.10614349 0.09643935 0.10539371
  0.10208628 0.10343659 0.0986899  0.10735597 0.08998718 0.12580145
  0.15937889 0.11925404 0.09814306 0.10191686 0.09320546 0.10385331
  0.09456453 0.08720717 0.0818458  0.14482396 0.09306877 0.09177891
  0.0899695  0.08807588 0.10222346 0.07843307 0.09443837 0.08415282
  0.09104336 0.08492097 0.08249066 0.09136182 0.08252511 0.09402549
  0.0706149  0.09218651 0.07674518 0.12118365 0.07725759 0.08293375
  0.07219774 0.07440528 0.06201456 0.07489459 0.08309639 0.06682895
  0.07839275 0.06568028 0.11854358 0.06587442]
 [0.11935898 0.10765209 0.1130623  0.11800141 0.131809   0.13918231
  0.13460461 0.14572293 0.14511518 0.14079023 0.14594808 0.13873279
  0.13697868 0.13978155 0.14856998 0.12876055 1.         0.13189575
  0.13587944 0.14189319 0.13403194 0.11811732 0.13857348 0.14001873
  0.13050669 0.12471688 0.12282752 0.12007776 0.10577619 0.12910069
  0.14377336 0.12428669 0.14497917 0.12033581 0.10686416 0.11311216
  0.10552644 0.11643378 0.11402169 0.12531528 0.1089046  0.1066616
  0.12588985 0.10407147 0.11001474 0.11063637 0.10234787 0.10782389
  0.12543526 0.11171858 0.11937181 0.09845363 0.10335135 0.09351653
  0.10197875 0.11601746 0.09852858 0.10842378 0.10557799 0.09969554
  0.09122687 0.11556955 0.10055801 0.12041712 0.10122387 0.10424738
  0.0894268  0.09886265 0.08544868 0.08858227 0.10987361 0.10002769
  0.0942493  0.09682227 0.09735044 0.0890242  0.09885565 0.1053819
  0.08251172 0.08338718 0.08549169 0.09285149 0.08520669 0.0914393
  0.08894346 0.08579365 0.07747187 0.07787459 0.09360094 0.07807107
  0.0903391  0.08666792 0.07304319 0.08396327 0.07926642 0.06774262
  0.08356234 0.08554969 0.07205744 0.06915293]
 [0.11550876 0.11647953 0.11502308 0.11780993 0.13134195 0.13810143
  0.14219028 0.14249525 0.12272981 0.1413125  0.13531384 0.13804679
  0.13870246 0.12719361 0.13676423 0.13592824 0.13189575 1.
  0.12063778 0.13770466 0.12885478 0.12625184 0.12584939 0.13545994
  0.12816677 0.1212869  0.11002106 0.1228683  0.08497355 0.12994645
  0.12517693 0.12300454 0.12379463 0.09847916 0.08262788 0.10434963
  0.09525978 0.09998235 0.11037242 0.09998551 0.10745238 0.10737836
  0.10686744 0.10383074 0.10364697 0.10187505 0.09431187 0.09611677
  0.10675593 0.10403684 0.10150459 0.08799159 0.08387071 0.07761977
  0.10112485 0.10036224 0.09382251 0.09405274 0.09748393 0.08506886
  0.09019215 0.11067576 0.09750765 0.0939028  0.09714211 0.10071119
  0.09015826 0.09142601 0.06780611 0.0856974  0.09291202 0.0855913
  0.08470865 0.08072519 0.0889907  0.0725829  0.08704978 0.08865021
  0.0853306  0.08118102 0.06657999 0.08082971 0.08076826 0.09182364
  0.07308109 0.08249728 0.07359881 0.07255108 0.07647133 0.0710745
  0.06742287 0.07951456 0.06172694 0.07042193 0.0696291  0.05772858
  0.07352273 0.06579775 0.06642141 0.06889498]
 [0.09811264 0.0957899  0.10476792 0.11661888 0.11502555 0.14709935
  0.12704008 0.15835911 0.18556214 0.12969166 0.15292903 0.12759888
  0.1366209  0.1431783  0.13034197 0.13250157 0.13587944 0.12063778
  1.         0.13302347 0.14507017 0.11494329 0.14474614 0.1236592
  0.11678301 0.15953176 0.14718717 0.11598092 0.11513784 0.13254382
  0.13442928 0.1356479  0.13539815 0.13351011 0.1367984  0.13880262
  0.116195   0.11825301 0.11108595 0.14027305 0.20535153 0.13987593
  0.1312067  0.13734259 0.11095681 0.110309   0.12133714 0.12084479
  0.12604022 0.12036429 0.12046746 0.11118786 0.12489123 0.10263983
  0.09431766 0.11581339 0.09749817 0.11788215 0.09984583 0.12352758
  0.10036659 0.11898164 0.09790144 0.11581015 0.09418116 0.10512825
  0.08777803 0.09747872 0.10775759 0.09071106 0.10541096 0.10297229
  0.10595278 0.1004218  0.09344605 0.09300659 0.10430824 0.09780046
  0.08152708 0.08161757 0.09513294 0.09722858 0.08310013 0.10011591
  0.09356991 0.08831355 0.08010069 0.08742427 0.10025313 0.08400135
  0.08675872 0.08232918 0.07730365 0.08423804 0.0832345  0.06643224
  0.08579641 0.08257653 0.08151845 0.06759458]
 [0.10921685 0.11664896 0.10601287 0.11842583 0.1366826  0.16013213
  0.16494371 0.14590194 0.14914207 0.14795066 0.1742342  0.13566193
  0.1456276  0.14054382 0.13843278 0.14840132 0.14189319 0.13770466
  0.13302347 1.         0.15766216 0.12870558 0.1586832  0.13343077
  0.1369036  0.14187449 0.13451556 0.14430963 0.12663559 0.15257029
  0.1595315  0.12001603 0.1553884  0.1191732  0.11256714 0.12918525
  0.13584546 0.13469026 0.1265851  0.12646265 0.12018999 0.12627685
  0.12921195 0.11725029 0.12598118 0.12810906 0.12759511 0.12576682
  0.12470075 0.12894828 0.11459134 0.13018954 0.10608612 0.11000684
  0.12369508 0.12388141 0.1101411  0.11982697 0.10079061 0.11108559
  0.11506547 0.13475086 0.11205774 0.13472237 0.11931213 0.12297362
  0.11192206 0.10260365 0.0948432  0.10975024 0.11878809 0.10626287
  0.11204807 0.10431002 0.12094802 0.10158902 0.11152643 0.09839193
  0.10925241 0.11156086 0.09327811 0.10577837 0.10414184 0.10402571
  0.09077788 0.10459451 0.09343336 0.0928337  0.09701941 0.09166148
  0.08135261 0.08999022 0.08098918 0.09219636 0.09960017 0.08377204
  0.0993877  0.07558528 0.09048627 0.08418919]
 [0.10002475 0.09980624 0.10295231 0.12658074 0.11795921 0.15609515
  0.16317142 0.15309506 0.15900904 0.14030046 0.17757977 0.12676819
  0.14773405 0.1300906  0.1279283  0.16399055 0.13403194 0.12885478
  0.14507017 0.15766216 1.         0.14300667 0.17525436 0.12573093
  0.13878935 0.15976494 0.1512637  0.129847   0.13863772 0.13889049
  0.14662203 0.13305263 0.1499939  0.12025915 0.12312542 0.15845002
  0.14000657 0.13317961 0.12025864 0.1311519  0.12971899 0.12405319
  0.13193368 0.12319968 0.14058642 0.12928952 0.13142696 0.14215126
  0.12185075 0.14313508 0.1123388  0.13201419 0.1164762  0.14569445
  0.10557256 0.12146574 0.10920635 0.12015194 0.09874182 0.14411594
  0.11893599 0.15821488 0.10696279 0.11711161 0.10155407 0.11702799
  0.10711305 0.09777573 0.1614085  0.1154845  0.1050914  0.10325461
  0.1094883  0.10547927 0.11337623 0.09531411 0.11760345 0.0939939
  0.09961269 0.09691261 0.1009099  0.11423237 0.09743208 0.10259094
  0.08291247 0.10564379 0.09089421 0.10523647 0.09345292 0.09617911
  0.0801406  0.08226587 0.07550889 0.08903551 0.10262552 0.07644772
  0.09412252 0.07336471 0.10416744 0.07611584]
 [0.09309472 0.10024038 0.10063578 0.10417958 0.11494138 0.12854167
  0.14567155 0.12385434 0.11194655 0.12830542 0.12865029 0.11922331
  0.13068465 0.10598711 0.12296911 0.13883212 0.11811732 0.12625184
  0.11494329 0.12870558 0.14300667 1.         0.12634819 0.11917685
  0.12666868 0.13686263 0.14012209 0.11094961 0.10652347 0.13407681
  0.1234905  0.14887042 0.13885427 0.08935577 0.08214577 0.11073844
  0.12302659 0.13016624 0.11897756 0.09623126 0.11079356 0.10890102
  0.10196275 0.10725861 0.11679045 0.11986016 0.10322201 0.10375518
  0.09887779 0.1148235  0.09511722 0.09625704 0.08301423 0.0949877
  0.10197858 0.10026891 0.0971028  0.1052361  0.08483179 0.09225973
  0.10860269 0.11239901 0.11702111 0.09758137 0.1000129  0.10896034
  0.12088129 0.10352391 0.08111041 0.09940199 0.09273787 0.08599492
  0.08710434 0.08623148 0.09365932 0.07415683 0.09932233 0.0844113
  0.09827673 0.0909809  0.07007158 0.09022035 0.09523477 0.09004243
  0.07135197 0.09358317 0.09708529 0.08672724 0.07357423 0.08065954
  0.06470513 0.07784976 0.06905933 0.0798987  0.07923591 0.06678857
  0.07577357 0.06338382 0.0814658  0.07294661]
 [0.09915799 0.1007232  0.1060633  0.1136032  0.11851148 0.15355731
  0.145753   0.15072425 0.16689821 0.13812036 0.1790791  0.13338317
  0.14667145 0.13708353 0.13547495 0.14043288 0.13857348 0.12584939
  0.14474614 0.1586832  0.17525436 0.12634819 1.         0.12652954
  0.13676865 0.1450442  0.15044285 0.12903454 0.1364225  0.13863666
  0.14900537 0.12784664 0.15540512 0.1260733  0.12806548 0.13780557
  0.13020141 0.14367284 0.12088513 0.1329485  0.12169382 0.12127897
  0.14178535 0.12353315 0.12064404 0.1295036  0.1297445  0.13897271
  0.12827793 0.14178703 0.1186089  0.13266613 0.12600622 0.12445419
  0.11191274 0.12792452 0.1143464  0.12624263 0.10226232 0.12493799
  0.11163019 0.1417737  0.10947026 0.12432489 0.10582791 0.11689367
  0.10418949 0.10029917 0.11467923 0.10644849 0.11115269 0.11090818
  0.11598568 0.11018675 0.10973703 0.10000729 0.11881368 0.10054964
  0.09759158 0.0996347  0.10330803 0.11155119 0.09675422 0.10442602
  0.09264376 0.11327144 0.0911011  0.09422798 0.101304   0.09672939
  0.08849322 0.08720442 0.0805055  0.09630609 0.09998295 0.07717427
  0.09838225 0.08092095 0.08861243 0.07794763]
 [0.10949116 0.10637504 0.10630849 0.11690094 0.12364679 0.12929431
  0.12889648 0.13370482 0.12595173 0.13208867 0.13191223 0.13446735
  0.13216896 0.13421611 0.14000567 0.12484137 0.14001873 0.13545994
  0.1236592  0.13343077 0.12573093 0.11917685 0.12652954 1.
  0.12835735 0.12015612 0.11405953 0.11939456 0.09436689 0.13216479
  0.13307647 0.11871201 0.12891446 0.1091706  0.09093828 0.10928553
  0.09834605 0.10275051 0.11528324 0.11254703 0.10188895 0.10370717
  0.11198769 0.10021473 0.1047119  0.10424441 0.09595159 0.097899
  0.12149558 0.10434585 0.11699785 0.09140006 0.08892555 0.08270193
  0.10468783 0.10932689 0.09796639 0.10186028 0.11206571 0.08953856
  0.09239766 0.11406756 0.10329628 0.10056056 0.10349575 0.10181301
  0.09260501 0.09529265 0.07625476 0.08871861 0.10265241 0.09437076
  0.0923638  0.08992905 0.09435711 0.08202848 0.0892817  0.10259939
  0.08456987 0.08752221 0.07625341 0.08742977 0.08401791 0.09157422
  0.08165953 0.08478506 0.07745423 0.07288008 0.08815454 0.07445722
  0.08850357 0.09185487 0.06791433 0.08379475 0.07473861 0.06658409
  0.07908836 0.0837795  0.06977915 0.07254047]
 [0.09283598 0.10248871 0.10344233 0.10617333 0.1154932  0.12720016
  0.13265734 0.12293531 0.12214543 0.13482605 0.13746332 0.13052819
  0.13402943 0.11995338 0.13079996 0.13103142 0.13050669 0.12816677
  0.11678301 0.1369036  0.13878935 0.12666868 0.13676865 0.12835735
  1.         0.12569255 0.12042289 0.12926996 0.10654735 0.13155624
  0.14274733 0.11685286 0.13512076 0.10628047 0.09486178 0.11754757
  0.10604902 0.11237872 0.11987297 0.10788214 0.10457572 0.10464397
  0.11142078 0.1069701  0.11458755 0.12694037 0.11257191 0.11433962
  0.11094072 0.11640723 0.10489065 0.10304351 0.09145053 0.09771177
  0.10862506 0.11107196 0.11250076 0.1080754  0.0976276  0.10149291
  0.10296845 0.11970367 0.11650885 0.10365682 0.10303679 0.11212677
  0.09901119 0.1112077  0.08520078 0.1029177  0.09943124 0.09285241
  0.09853013 0.09357397 0.11244197 0.08591036 0.09415489 0.09641193
  0.09937518 0.09156618 0.0767892  0.10778052 0.08762985 0.09094311
  0.08153588 0.08969509 0.08420717 0.08339066 0.08729023 0.08246568
  0.07549888 0.08353416 0.07648762 0.08552562 0.08678961 0.0726402
  0.08469855 0.07347533 0.07987284 0.07823888]
 [0.09042142 0.08964118 0.0942269  0.11633679 0.10909684 0.14190806
  0.12814066 0.126573   0.14109568 0.12884866 0.15398248 0.12090757
  0.13396761 0.11924108 0.12527231 0.15592561 0.12471688 0.1212869
  0.15953176 0.14187449 0.15976494 0.13686263 0.1450442  0.12015612
  0.12569255 1.         0.15110858 0.12098849 0.13969314 0.13301817
  0.13573303 0.13064898 0.14350603 0.11401578 0.11847299 0.16665451
  0.14878596 0.12569158 0.12370275 0.12750625 0.20884603 0.13810847
  0.12017369 0.12725304 0.13412474 0.1252259  0.12438165 0.1303816
  0.12126728 0.12886439 0.11233378 0.11971955 0.11008697 0.12749179
  0.10293646 0.11567627 0.10613031 0.12131023 0.09610962 0.13167266
  0.11848636 0.12351915 0.10994316 0.11580443 0.10280519 0.11803727
  0.11083061 0.10115728 0.10423551 0.12362338 0.10317665 0.10232885
  0.10400542 0.10169009 0.11221252 0.09075675 0.10907728 0.09643294
  0.09954133 0.09808165 0.09792895 0.1047733  0.09447425 0.10384516
  0.08371159 0.10104812 0.09409444 0.11710134 0.09497185 0.09528874
  0.08282462 0.08330972 0.07920952 0.0880222  0.09501588 0.079414
  0.09167536 0.07689771 0.10165741 0.07434444]
 [0.07786316 0.07585315 0.08479418 0.09431677 0.09308052 0.134066
  0.11004101 0.11459625 0.15448468 0.11331229 0.15300261 0.1068812
  0.13292183 0.11880858 0.11604537 0.1318341  0.12282752 0.11002106
  0.14718717 0.13451556 0.1512637  0.14012209 0.15044285 0.11405953
  0.12042289 0.15110858 1.         0.11284675 0.15385499 0.12900672
  0.13666241 0.15658648 0.14927104 0.12457973 0.14559867 0.14629892
  0.16187122 0.1388796  0.13490249 0.14070241 0.12146832 0.11085985
  0.13895458 0.12341457 0.12898946 0.12418204 0.12380593 0.14681759
  0.12871712 0.1384798  0.12310028 0.14144314 0.11812379 0.13269188
  0.1021454  0.12073512 0.11036476 0.14177922 0.1034916  0.13868027
  0.12593478 0.13007286 0.11448202 0.12543661 0.10584713 0.12066116
  0.11929975 0.10751597 0.12368489 0.11585937 0.11264804 0.11780492
  0.11498844 0.10863854 0.11230497 0.10572073 0.12212083 0.10512915
  0.10231843 0.09821002 0.10902165 0.11433573 0.09608367 0.10374954
  0.09874529 0.10847095 0.10320969 0.10615072 0.11140396 0.10176491
  0.09628428 0.09186603 0.08558593 0.10462613 0.10549472 0.0864179
  0.1055413  0.09204274 0.1029829  0.08009858]
 [0.09189421 0.10076688 0.09312089 0.10147735 0.11446877 0.1270373
  0.13855984 0.12848925 0.12201956 0.12991672 0.1369293  0.12861864
  0.13962155 0.12261395 0.12191137 0.12820642 0.12007776 0.1228683
  0.11598092 0.14430963 0.129847   0.11094961 0.12903454 0.11939456
  0.12926996 0.12098849 0.11284675 1.         0.09908387 0.12716924
  0.13553246 0.10450867 0.1263969  0.10352113 0.09298592 0.10970121
  0.10499905 0.11109191 0.11040128 0.10971595 0.10638298 0.10988172
  0.10751589 0.10222786 0.10484904 0.11177842 0.10874966 0.10628835
  0.1107484  0.1059481  0.10429794 0.10068219 0.09086098 0.08799193
  0.10854213 0.1047741  0.09895394 0.10467984 0.09445566 0.09290516
  0.09584921 0.1183163  0.09630477 0.1024692  0.1026648  0.10571867
  0.09061674 0.09307431 0.08031595 0.09392068 0.10041694 0.08917601
  0.09927002 0.09232754 0.10639788 0.08600534 0.09600342 0.09134688
  0.1021545  0.09157645 0.08082333 0.09471326 0.08778619 0.09399542
  0.08004255 0.09142796 0.07799934 0.0816043  0.08317068 0.08075486
  0.07468709 0.08059911 0.0711756  0.07664153 0.08293953 0.07299769
  0.08231893 0.0682174  0.07502483 0.07233057]
 [0.05984873 0.05668858 0.06451613 0.08223558 0.07065672 0.10865457
  0.09721289 0.0980157  0.13809115 0.0942997  0.14240736 0.09062223
  0.10343021 0.09913192 0.09548347 0.11528905 0.10577619 0.08497355
  0.11513784 0.12663559 0.13863772 0.10652347 0.1364225  0.09436689
  0.10654735 0.13969314 0.15385499 0.09908387 1.         0.09932515
  0.13050662 0.103125   0.13565803 0.12769198 0.14599386 0.13666197
  0.16938939 0.13243237 0.1012289  0.14656086 0.1042656  0.09575556
  0.13323402 0.11228611 0.12969534 0.11844677 0.1249143  0.17177522
  0.13210486 0.13776558 0.12232101 0.15881317 0.14705882 0.18396201
  0.08995163 0.13088301 0.09967563 0.14056708 0.09439223 0.14200104
  0.14593979 0.12182765 0.10275639 0.12549041 0.0989047  0.11703182
  0.10591382 0.09705867 0.14332902 0.11297944 0.10460875 0.11743089
  0.12073735 0.12333921 0.11672201 0.12348786 0.13260296 0.1001802
  0.09254265 0.09722957 0.15137917 0.11899106 0.09412976 0.10328691
  0.09390146 0.10039713 0.10038127 0.10954367 0.11207247 0.11161508
  0.10729167 0.0866841  0.07860401 0.10410618 0.11661595 0.12669683
  0.11733889 0.09674619 0.11059454 0.07883495]
 [0.09456655 0.10498097 0.1025494  0.10808501 0.12478831 0.14191971
  0.14404242 0.13157829 0.13638797 0.13326624 0.1488246  0.12739619
  0.13851721 0.12283125 0.131797   0.13292468 0.12910069 0.12994645
  0.13254382 0.15257029 0.13889049 0.13407681 0.13863666 0.13216479
  0.13155624 0.13301817 0.12900672 0.12716924 0.09932515 1.
  0.13751485 0.11967587 0.13964713 0.10090185 0.09699998 0.12445253
  0.11631715 0.11939877 0.11777207 0.10748948 0.11360542 0.12474792
  0.12027053 0.113455   0.12160595 0.11744186 0.11159706 0.11721457
  0.10870773 0.11882019 0.10391706 0.11244091 0.09130507 0.09231516
  0.11403186 0.10992857 0.10549273 0.10748384 0.10224705 0.09967036
  0.10855997 0.121534   0.11222759 0.11185751 0.11187015 0.1084357
  0.1105531  0.10211057 0.07828251 0.10740533 0.10593087 0.09646551
  0.10075943 0.09074742 0.10555735 0.0839985  0.0997032  0.09611462
  0.10378375 0.10051098 0.077231   0.09482606 0.09688075 0.09913233
  0.08158785 0.09861694 0.08903783 0.08926651 0.08789386 0.08340787
  0.07471029 0.08816522 0.07498902 0.09341462 0.08182729 0.06795565
  0.08786039 0.07097592 0.0836806  0.08187315]
 [0.08853081 0.09977823 0.08961214 0.09975918 0.10820633 0.13472349
  0.13798577 0.1335353  0.14382187 0.1278272  0.15181805 0.12536083
  0.1344573  0.13094184 0.13211684 0.13490281 0.14377336 0.12517693
  0.13442928 0.1595315  0.14662203 0.1234905  0.14900537 0.13307647
  0.14274733 0.13573303 0.13666241 0.13553246 0.13050662 0.13751485
  1.         0.12595071 0.15123611 0.12750347 0.12555773 0.13087873
  0.13563804 0.13935582 0.12053199 0.13416029 0.12219084 0.12447548
  0.13803071 0.12786596 0.12214532 0.13600732 0.14503288 0.13360573
  0.13721376 0.13489161 0.12389153 0.13024315 0.1163626  0.117741
  0.11852374 0.13157996 0.12118575 0.13231234 0.10975542 0.119801
  0.11750863 0.1547619  0.12579296 0.13572186 0.11834224 0.131631
  0.11260476 0.13090835 0.1070177  0.11260087 0.12812411 0.11731697
  0.13378057 0.11045902 0.12845858 0.10477299 0.12119998 0.11210202
  0.11057386 0.1077692  0.10693997 0.11876179 0.11133993 0.11328699
  0.10177236 0.10800412 0.10223465 0.1019442  0.10669868 0.10030474
  0.09834439 0.09974379 0.09350029 0.10378553 0.10544865 0.08616496
  0.11003455 0.09074882 0.09620673 0.09014556]
 [0.07972718 0.08430054 0.08995809 0.09095514 0.10174414 0.11606742
  0.12109779 0.13140159 0.12276739 0.11557957 0.12663737 0.11639221
  0.12386153 0.11490315 0.11739463 0.12873185 0.12428669 0.12300454
  0.1356479  0.12001603 0.13305263 0.14887042 0.12784664 0.11871201
  0.11685286 0.13064898 0.15658648 0.10450867 0.103125   0.11967587
  0.12595071 1.         0.13772234 0.11094832 0.10458915 0.11811783
  0.11469716 0.13516189 0.12547102 0.11331109 0.12123804 0.10732237
  0.11768732 0.11130984 0.11347229 0.11505778 0.1049823  0.11452065
  0.11716542 0.12012183 0.10997963 0.0985647  0.09841512 0.09876194
  0.09943899 0.11036007 0.098438   0.11718957 0.09555074 0.10783046
  0.1023574  0.11732954 0.11627469 0.10966317 0.10268716 0.11196417
  0.10986997 0.11270854 0.09788065 0.09621722 0.1077859  0.10485907
  0.09715433 0.09963979 0.09381629 0.09011537 0.10410811 0.09685818
  0.0920652  0.09144101 0.08619645 0.10100087 0.09244876 0.10305171
  0.08684976 0.09733236 0.09644998 0.09011522 0.09098992 0.0870465
  0.0845182  0.08594784 0.08282549 0.08571797 0.08314715 0.06943386
  0.08826439 0.08008485 0.08614406 0.07483865]
 [0.08785444 0.09401629 0.09172907 0.09685557 0.10848948 0.13823997
  0.12628748 0.12651461 0.13999187 0.13353741 0.1536176  0.1257608
  0.13411302 0.13058756 0.13012503 0.13232052 0.14497917 0.12379463
  0.13539815 0.1553884  0.1499939  0.13885427 0.15540512 0.12891446
  0.13512076 0.14350603 0.14927104 0.1263969  0.13565803 0.13964713
  0.15123611 0.13772234 1.         0.12795062 0.12296885 0.13525003
  0.14396334 0.1400876  0.1369817  0.13602015 0.12572568 0.11989176
  0.13652842 0.12621714 0.1292542  0.13235403 0.13306108 0.13819641
  0.14078582 0.14006331 0.12739843 0.13646666 0.12150551 0.13063868
  0.12250897 0.13825177 0.11933258 0.14059834 0.11399574 0.12363681
  0.12149778 0.14119757 0.14149384 0.13492359 0.12203022 0.13450196
  0.13553436 0.11883654 0.11467281 0.11115698 0.12311093 0.12024239
  0.11825043 0.11744058 0.12628039 0.11013941 0.12763112 0.12883079
  0.11312644 0.11771115 0.10888183 0.12127063 0.12083961 0.11425458
  0.10700692 0.11315857 0.1159323  0.10516029 0.1095247  0.10821152
  0.09881811 0.10564807 0.09182304 0.10607218 0.11067753 0.09197818
  0.11419102 0.09463525 0.10127766 0.09354029]
 [0.06663529 0.06631561 0.07474684 0.08083895 0.08234703 0.10312228
  0.08916037 0.11464532 0.13670174 0.1001581  0.13086046 0.10781635
  0.10856353 0.13355479 0.11005023 0.10322976 0.12033581 0.09847916
  0.13351011 0.1191732  0.12025915 0.08935577 0.1260733  0.1091706
  0.10628047 0.11401578 0.12457973 0.10352113 0.12769198 0.10090185
  0.12750347 0.11094832 0.12795062 1.         0.17203335 0.11812833
  0.11621989 0.12081181 0.1171789  0.15509311 0.10853744 0.09644967
  0.12836133 0.11090107 0.09935118 0.10994914 0.11034027 0.12186216
  0.13469161 0.12391019 0.13409553 0.11896089 0.12525773 0.11368326
  0.10006336 0.1245906  0.09290161 0.1346565  0.10420783 0.11623485
  0.09397455 0.11828028 0.10102827 0.12150938 0.09757351 0.1084415
  0.0923883  0.09816241 0.11065693 0.08866226 0.11395562 0.1236194
  0.11824401 0.11631357 0.10228472 0.12959996 0.11524115 0.10861215
  0.0852134  0.09702965 0.13117985 0.11240512 0.08598366 0.09983591
  0.10093916 0.09342606 0.08746864 0.08483896 0.10690886 0.09822578
  0.11744628 0.09620814 0.08173928 0.09181182 0.09915471 0.09619789
  0.10865191 0.10632412 0.0840851  0.07275615]
 [0.05587374 0.05189919 0.06344034 0.06755961 0.0668752  0.10301169
  0.08045685 0.1132052  0.15439651 0.08598044 0.13135588 0.08633079
  0.10456306 0.10680435 0.09146292 0.10056264 0.10686416 0.08262788
  0.1367984  0.11256714 0.12312542 0.08214577 0.12806548 0.09093828
  0.09486178 0.11847299 0.14559867 0.09298592 0.14599386 0.09699998
  0.12555773 0.10458915 0.12296885 0.17203335 1.         0.12839879
  0.13823492 0.1359432  0.09876492 0.15045998 0.11439938 0.10044577
  0.14332354 0.11892473 0.09648093 0.10887497 0.11670967 0.14161111
  0.12648886 0.13237396 0.12505372 0.13866191 0.15365807 0.13031797
  0.09146797 0.12270961 0.09387765 0.13407972 0.09940777 0.12805039
  0.09682276 0.12231388 0.09609898 0.13105873 0.09272491 0.10920412
  0.09385494 0.09729344 0.13242636 0.09226563 0.11464473 0.1320584
  0.12963073 0.11718972 0.10126727 0.12291925 0.12776443 0.10353564
  0.08620193 0.09020152 0.13953488 0.11786361 0.08948643 0.10134911
  0.10795749 0.10330707 0.09199805 0.09688849 0.11864246 0.10795968
  0.11870251 0.0926747  0.0930021  0.10178462 0.11112219 0.09168187
  0.11494173 0.10913838 0.091007   0.07357907]
 [0.06818932 0.06998859 0.073403   0.09617419 0.08505949 0.12377638
  0.1146447  0.12093579 0.13966852 0.10938118 0.15137365 0.10252422
  0.11720801 0.10788712 0.10680679 0.17459231 0.11311216 0.10434963
  0.13880262 0.12918525 0.15845002 0.11073844 0.13780557 0.10928553
  0.11754757 0.16665451 0.14629892 0.10970121 0.13666197 0.12445253
