0.000000000000000000e+00  2.036530652416110865e-01  1.040532853901228183e+00  6.688904771897068446e-01  4.986591124112693674e-01  8.685894039350043894e-01  9.460291558849616145e-01  1.030112211907605158e+00  1.070512285316243872e+00  9.151743500143261212e-01  1.083084932693129110e+00  1.055774832280463871e+00  1.097622130015612818e+00  1.132811775922332842e+00  9.652266162964540097e-01  9.672719717796519623e-01  1.034137050435077088e+00  1.029740895389402500e+00  1.094914000955102162e+00  1.051117503360606165e+00  1.042178998837910653e+00  1.118442232441957618e+00  1.131480524233503537e+00  1.038425440322987781e+00  1.134908360706812669e+00  1.000433891311604651e+00  1.098531806058454130e+00  1.132271235118760488e+00  9.895526435253179098e-01  1.099366579623264784e+00  1.098914245798519040e+00  1.150351902959456885e+00  1.128845924316537852e+00  1.118692776830755520e+00  1.045307672723336800e+00  9.994833038538961656e-01  1.096971973702103087e+00  9.677993002336486850e-01  1.171938952275778600e+00  1.071268763211867370e+00  9.868001530164899338e-01  1.006961048876453768e+00  1.046087760422425905e+00  1.093541757736093967e+00  9.489566749470146334e-01  1.091125829512758161e+00  1.069331463254506787e+00  9.987254931515510137e-01  1.026301791130180607e+00  1.069469429862304422e+00  1.028275085858237015e+00  1.002060046361292311e+00  9.603951156261957278e-01  9.228689204227701337e-01  1.146910929682763980e+00  1.033791941581825302e+00  1.061668918702428632e+00  1.024424680224138129e+00  1.007189498272613060e+00  1.054183954709426940e+00  1.114233832449971873e+00  9.531397644385406487e-01  1.062785959120019941e+00  1.054864975829275631e+00  8.840645264322538610e-01  1.030105157053636145e+00  9.905318421704062404e-01  9.142987788974857866e-01  9.465818503468881318e-01  9.611655355645162269e-01  8.900068292833632766e-01  1.009018811831650986e+00  9.910522621592209314e-01  1.040492529591929838e+00  9.985631524116151958e-01  9.343335088777665609e-01  9.805595904646127181e-01  1.100473134913830808e+00  1.046986408558914006e+00  9.314628180104735922e-01  9.722623316138088168e-01  1.029060504410143073e+00  9.300508617103243614e-01  8.955005951309001899e-01  9.560277606241621706e-01  8.450600495421860536e-01  1.003739849656758665e+00  8.682143721294501848e-01  8.592526868924053041e-01  9.832772147216265468e-01  9.372935833673188277e-01  9.856695974438008934e-01  8.969367549056079802e-01  9.645735522988850841e-01  9.666443706062144425e-01  9.641362944809157565e-01  8.814785054259793862e-01  9.482635126221026223e-01  1.068909886547857901e+00  8.517841446566121189e-01
2.036530652416110865e-01  0.000000000000000000e+00  1.019009684276554140e+00  1.133221996091705597e+00  7.289431743466465718e-01  8.319538557344315910e-01  8.873737068744167455e-01  9.971658416201483188e-01  1.018721113203506778e+00  9.217578931866261538e-01  1.041506249552229146e+00  9.466751215524132901e-01  8.522087017829887978e-01  1.034868370537088689e+00  9.673608228607026849e-01  1.238414899662229729e+00  9.978334367819611250e-01  9.247159811448932842e-01  8.702531448067083453e-01  1.007478153549689504e+00  1.005167575635574684e+00  9.939918702382659621e-01  8.944743996645327933e-01  1.003059993069421507e+00  9.488267840024421362e-01  1.076299813438926778e+00  1.018949558448868586e+00  8.926025972468133451e-01  1.025609068987191064e+00  9.140247400584141646e-01  8.135961640527216154e-01  1.047152963485040722e+00  8.408413386094252262e-01  1.009360625976075010e+00  9.594082000409684952e-01  1.015068068782638999e+00  8.621612536052660758e-01  1.152425082279582513e+00  9.786084050783454558e-01  1.014832244368248926e+00  9.677251025125648276e-01  9.181100482788928652e-01  9.444066364967691474e-01  8.226362428257795179e-01  1.194699879809331566e+00  8.332102917103123563e-01  7.413085219939068438e-01  8.816923531092346611e-01  9.885040253563242008e-01  8.746998543637884982e-01  1.113286763636965659e+00  8.166056331930148238e-01  9.364581898438172347e-01  1.116766823221547078e+00  9.114252015682238195e-01  8.186560731622444242e-01  8.137131787380070813e-01  9.334285251690475071e-01  1.039931634712210284e+00  8.289347960988910913e-01  8.302292505827820746e-01  9.345437901982001083e-01  9.116257552896317451e-01  8.347394398084537759e-01  1.075649651200631496e+00  8.982114057947556685e-01  1.074184830301211591e+00  1.150636456777627270e+00  9.770924709485930837e-01  1.063312418274069193e+00  9.384161921740256096e-01  7.874991378950741971e-01  8.089995064023223215e-01  7.820997178822597373e-01  9.532285399594673247e-01  8.695533188712861739e-01  1.067712397023030668e+00  7.926498896595286503e-01  9.004704204000986145e-01  9.291096510953080756e-01  8.186884800677993734e-01  7.395481351014177029e-01  9.358401550008100811e-01  1.072110042755839432e+00  8.846627214703769448e-01  9.643898049200168021e-01  9.412797903365837104e-01  1.059862243735700815e+00  1.157990294725176561e+00  8.514301650737312599e-01  1.128534004666587931e+00  1.047125360183441156e+00  1.239508977393559253e+00  8.361023032487293616e-01  7.694052267311269899e-01  1.106755235526286185e+00  8.864988390520767148e-01  1.151801716464798231e+00  9.169742165442632542e-01  1.197784524365643311e+00
1.040532853901228183e+00  1.019009684276554140e+00  0.000000000000000000e+00  6.459371165430212169e-01  6.629188610546221661e-01  8.014952313430973030e-01  9.412492071775970803e-01  8.760702486768191521e-01  8.616367082305930181e-01  8.086416574407915281e-01  8.808420802522726190e-01  8.040710174556791046e-01  7.381482729452457647e-01  8.488204852511792575e-01  9.942433617147500291e-01  1.052311872964008854e+00  1.059301025622162884e+00  1.076035689620759461e+00  1.130461078792918794e+00  1.114448771746833211e+00  1.003694850023303831e+00  9.507043665448265957e-01  9.983383486341538271e-01  1.112342234295814691e+00  9.892926476977519368e-01  1.206542712800026784e+00  9.815388733958512191e-01  1.204515296577855610e+00  1.024852603717428146e+00  1.098191897315885290e+00  1.122636056395927895e+00  1.001351899449428817e+00  1.013890183624548191e+00  1.001416507004200263e+00  9.774173752360338918e-01  1.023647310574301805e+00  1.009331202591208010e+00  1.119557451089885802e+00  1.023657795225323630e+00  9.953643994710269505e-01  1.353924384829823024e+00  1.344303540865712687e+00  1.018681831312491237e+00  1.108503226536480035e+00  1.135647838157983758e+00  8.946928471829170837e-01  1.045456881442711650e+00  9.784978578907597146e-01  1.047082159970203152e+00  8.969263231280282245e-01  1.040732067373526970e+00  9.416325489203936083e-01  9.733541549112929570e-01  1.066276442871283647e+00  1.109152625330959152e+00  1.010907278049970381e+00  9.090383770415676468e-01  9.916435900087521294e-01  1.081216060889328645e+00  1.090038673138615577e+00  8.559888484947207887e-01  1.039773720887699815e+00  1.096464203213970201e+00  1.044076159373014123e+00  1.019895846876214263e+00  9.398912035612343452e-01  1.029644293357925733e+00  1.077416343286511369e+00  1.094388975906137818e+00  8.802411010572008809e-01  8.854712517099402325e-01  9.904646462247685967e-01  8.878519621776096438e-01  1.024963162955397467e+00  1.085579348081977757e+00  8.812035962168562886e-01  1.052426887698995506e+00  9.106648249576859699e-01  1.035658156252412088e+00  9.526041044002689917e-01  7.920944326264877100e-01  8.517074139950778777e-01  1.033060112042991641e+00  1.037748832555271061e+00  9.123601565504450006e-01  8.144790543077259359e-01  8.204001059341161639e-01  9.942456095344099909e-01  1.019418054890783853e+00  6.509104865474775181e-01  9.407523716271324332e-01  9.365844285665093638e-01  1.054958818203081794e+00  8.047763785254935520e-01  7.453430593750629551e-01  1.178846075121011472e+00  8.577776034489840162e-01  9.173389752298510835e-01  9.506681579388547298e-01  1.003402929866638260e+00
6.688904771897068446e-01  1.133221996091705597e+00  6.459371165430212169e-01  0.000000000000000000e+00  1.915188984767437486e-01  5.277456523833610191e-01  5.689321549626733532e-01  6.639081585445809619e-01  7.890733141393950767e-01  4.510886335370799527e-01  6.318421047078908170e-01  6.492579489455774233e-01  7.708355667642816655e-01  7.031252581482787534e-01  6.454929894661636247e-01  4.272336234744793515e-01  7.842802311476417820e-01  8.294864116907719742e-01  8.878363871070179547e-01  9.649303670163964508e-01  7.903013285681117495e-01  8.939244506108710020e-01  1.018913027002910310e+00  8.195737826132123427e-01  8.705207658655051972e-01  7.655001375011881715e-01  9.402697480032485844e-01  9.559584683007957828e-01  7.896605976106241265e-01  9.353968537809428385e-01  1.151570173070811443e+00  1.003906289149214759e+00  1.131688232931090443e+00  9.902693318833346581e-01  1.110683497165962041e+00  8.741761538357921690e-01  1.264191673351564793e+00  7.133199518293968922e-01  9.697815272375507334e-01  1.001542373932629015e+00  1.137649107315118258e+00  1.154233112925680427e+00  1.134205912138924299e+00  1.302104186841366307e+00  6.139075766207950924e-01  1.294989024805789368e+00  1.358047719292131861e+00  1.096031233510985414e+00  1.051995991551930576e+00  1.181123743378343471e+00  9.264427700700500479e-01  1.171478338161261012e+00  1.090385263120991155e+00  7.015099286520515287e-01  1.111375584530118976e+00  1.280754608530991767e+00  1.351420579882976369e+00  1.084923047543538299e+00  1.044664862741476963e+00  1.265856987045793192e+00  1.304945522343723852e+00  1.128789674012077082e+00  1.129652572388606613e+00  1.235117893740308892e+00  8.339640652355589934e-01  1.133934240023229512e+00  1.024981457978573873e+00  7.133808185591906659e-01  1.130371284163772305e+00  1.020865991773576287e+00  9.389562612608529646e-01  1.316001328709385243e+00  1.295427766639498213e+00  1.233226932276676457e+00  9.517539362083087262e-01  1.198449007347743622e+00  1.044545158762752335e+00  1.262924916273060916e+00  1.035908334655904595e+00  1.010290812131660276e+00  1.302018944981902404e+00  1.370949258321058517e+00  1.178712478020440324e+00  1.003933987479923351e+00  1.175314663324941167e+00  9.686687403137067554e-01  1.121392482636859311e+00  1.002055988606068038e+00  6.981602699269287005e-01  1.165924541856781627e+00  8.925228844403153561e-01  1.059491369285809448e+00  7.134785404703009037e-01  1.285676149722503991e+00  1.263945964230966723e+00  6.212419604672536622e-01  1.123417129045325868e+00  9.129561871898618231e-01  1.100078891262069591e+00  6.221878955065418548e-01
4.986591124112693674e-01  7.289431743466465718e-01  6.629188610546221661e-01  1.915188984767437486e-01  0.000000000000000000e+00  4.060114661362208555e-01  3.686634379189189792e-01  5.204100146743639854e-01  7.893414245165137899e-01  1.879099503188274012e-01  6.296502086863149383e-01  3.246025889880018722e-01  4.900998112193823975e-01  4.673691313300852856e-01  3.582460124163542314e-01  6.562288643972482571e-01  4.978697910361475909e-01  4.687050375092856047e-01  6.101711229343036447e-01  8.947406768172235791e-01  8.982123230202181396e-01  7.150032762304456835e-01  8.872284731612990472e-01  5.051250897073219503e-01  5.515508497914319852e-01  8.648647309109642745e-01  1.030726172646861283e+00  5.983814666910383107e-01  1.066511054594431851e+00  6.229145542535889923e-01  8.167493659580666865e-01  8.002486720242436569e-01  8.447653252317053330e-01  9.195070220300349817e-01  1.179733970046405567e+00  1.106390831870251779e+00  1.160003213939307276e+00  1.014996265957861965e+00  6.824468538849398636e-01  1.041347318880935235e+00  1.055200727810513106e+00  9.841054826614786810e-01  1.084260546543207360e+00  1.087508407833786439e+00  8.665588455098305332e-01  1.088535139067990931e+00  1.235767094515021869e+00  1.257194490444644375e+00  9.415721409334907310e-01  1.197381282338331410e+00  8.967110464232306288e-01  1.261055517948720839e+00  1.231950382726698656e+00  1.031621040075285878e+00  7.600489539472099487e-01  1.127458357628678076e+00  1.105257838943642712e+00  1.104163600012674218e+00  8.994812285539593999e-01  1.094696674900949018e+00  9.981766562724218028e-01  1.048814265076275287e+00  8.000598600643200609e-01  9.899003048411143535e-01  1.209342352638393292e+00  9.898765798533811777e-01  8.151395004798679400e-01  9.734979050109615617e-01  9.203297678769509771e-01  1.091691231555395936e+00  1.260372280453194493e+00  1.183039313605942500e+00  1.272332962536638412e+00  1.061854021665138648e+00  9.420889806597302352e-01  1.278010991771402871e+00  8.948211056614550074e-01  1.038721327996058763e+00  8.652836738867113464e-01  1.182131813426782863e+00  1.270980837236162397e+00  1.085332606767444030e+00  1.088841882885320134e+00  9.430726664110506974e-01  1.161529613073242873e+00  1.309624443385756454e+00  1.009093077798808080e+00  1.043637894958138856e+00  1.025504986027149235e+00  1.232291355331540217e+00  9.696206957677762084e-01  9.492666771150947147e-01  7.629382138873617158e-01  1.168848962799125646e+00  1.285957374403217113e+00  7.366006066371568739e-01  1.165785091606974078e+00  9.778143637245099162e-01  9.499219084277740199e-01  9.865863865882641415e-01
8.685894039350043894e-01  8.319538557344315910e-01  8.014952313430973030e-01  5.277456523833610191e-01  4.060114661362208555e-01  0.000000000000000000e+00  1.383289844931079315e-01  1.059354293321173035e-01  1.959190987187604538e-01  2.014717241523371616e-01  6.367744470451031091e-02  3.489660802078923263e-01  1.433013705339488686e-01  3.532107290312520576e-01  4.614601319713689254e-01  5.128298704754918891e-01  4.030022718389133507e-01  5.040756245724642426e-01  2.755223461749612968e-01  2.985340286966813306e-01  2.383645037395829558e-01  6.200742161648065132e-01  1.995529093790638919e-01  6.476777909003800238e-01  4.870232098575467683e-01  3.237430403128235268e-01  3.532986262051557302e-01  4.443944555815032560e-01  5.997435326853416404e-01  4.373373053438684988e-01  4.292559441628498451e-01  5.074887495308998409e-01  5.531747705840435181e-01  6.150516838002582087e-01  6.058637374997848379e-01  5.955520863684331534e-01  6.296895254810153109e-01  5.504296117104381381e-01  8.272386722840191497e-01  6.427774429596058159e-01  5.538517474702728816e-01  5.818252444011108304e-01  5.933271544370976036e-01  4.661180742747049743e-01  8.031409131792258682e-01  9.308540055116720779e-01  7.314421712318205371e-01  6.783611550131265489e-01  9.079066543634808362e-01  6.626713564020514369e-01  9.786436737605795910e-01  7.594365702330940771e-01  7.465792455761122159e-01  8.595265234945198562e-01  9.952971771290607395e-01  7.811173003457525521e-01  1.049011077541654791e+00  8.747771695780559575e-01  1.172009685093929443e+00  7.467999608334447981e-01  1.145384374838129382e+00  9.415258023091772621e-01  1.090113958030381580e+00  1.057661163835378781e+00  7.957301932995376470e-01  1.172979528873960176e+00  1.146549678866568778e+00  1.003632574731846194e+00  1.128980147068869178e+00  1.119300097986607012e+00  9.490263671526228961e-01  9.180612882314194145e-01  9.891622719773204286e-01  1.063808147845271002e+00  9.586734456242489433e-01  1.033847761930639431e+00  1.252480987292040826e+00  1.119090806480659728e+00  1.176148496815748734e+00  9.269330962670978558e-01  1.101075170854790342e+00  1.229871285234348965e+00  1.226466092191829560e+00  1.042470725728952052e+00  1.179321410734889941e+00  9.372161768389064562e-01  1.232897964513976596e+00  1.067456365787586181e+00  1.059162078237800619e+00  1.160931918384119355e+00  1.258159865474742123e+00  1.377949807913369185e+00  1.012074784001223415e+00  1.234473020029383639e+00  1.121640415672957358e+00  1.007839119357944790e+00  1.289364987694270326e+00  1.303331136197672269e+00  1.003991042377292642e+00  1.068016471022555702e+00
9.460291558849616145e-01  8.873737068744167455e-01  9.412492071775970803e-01  5.689321549626733532e-01  3.686634379189189792e-01  1.383289844931079315e-01  0.000000000000000000e+00  2.803997334840481193e-01  5.429305691381584031e-01  1.113293014431169237e-01  2.463014144044677334e-01  2.570427651016046200e-01  1.183074688866871949e-01  4.584198108418127138e-01  3.361150802112914393e-01  3.473760531154762576e-01  3.849413288745620054e-01  2.223851311817206522e-01  1.483501569107208429e-01  5.454656158086702566e-01  3.368568204101589636e-01  3.107037367129747985e-01  3.768584675369400783e-01  4.264323651981657415e-01  2.111305562808859504e-01  3.128906175693838554e-01  5.404722843612781435e-01  2.209714512673224274e-01  8.958386157197957278e-01  1.523346360704035396e-01  3.910548539156359915e-01  3.938857247943472473e-01  4.560789520378075723e-01  9.341874264138778639e-01  1.053026048338745468e+00  6.725213894237093148e-01  7.665635962318206875e-01  5.962943680849843719e-01  5.495596997547108620e-01  1.003035445967934480e+00  5.923719579590422946e-01  4.679943006022537766e-01  9.267830092099519357e-01  6.458587585733306380e-01  5.713064494480291078e-01  8.142136974653939596e-01  7.888025102496217800e-01  9.290309182979479274e-01  1.010933184003299568e+00  8.608908964493029448e-01  1.073861516405054894e+00  1.029194849695061365e+00  1.166145854949556027e+00  7.422145800027184492e-01  6.138271583382560737e-01  9.732926793720932945e-01  9.136617887535336546e-01  1.065342674728175787e+00  1.019515748157123536e+00  7.003570116518074151e-01  8.704867675666640991e-01  1.050185326002273323e+00  7.304776103046206615e-01  8.407590224279125612e-01  9.626886040320381532e-01  8.749887996564424952e-01  9.582244456226072238e-01  7.491493627493802654e-01  1.046103685761071489e+00  1.310884346617588125e+00  1.164456792727023959e+00  1.145434668781476484e+00  1.285423706964836654e+00  8.268610520865038449e-01  1.160506339944803011e+00  1.232411857573004310e+00  1.158912029870160509e+00  8.151328065880467655e-01  8.617796987537447162e-01  1.327327653956161813e+00  1.243161268486856930e+00  1.005192306677280101e+00  1.064941609448470938e+00  1.184440859254476619e+00  9.644399424758228756e-01  1.252097845812586208e+00  1.086093305832484202e+00  1.305696757982805600e+00  8.920593749060382605e-01  1.283234974864447375e+00  1.349867748123512623e+00  1.151568297653583928e+00  1.035671967180942898e+00  1.285085758072560980e+00  1.263175375577792803e+00  9.834784396811703244e-01  1.388282045993145086e+00  1.302155595189820714e+00  8.682966500188287196e-01  9.192592397428961393e-01
1.030112211907605158e+00  9.971658416201483188e-01  8.760702486768191521e-01  6.639081585445809619e-01  5.204100146743639854e-01  1.059354293321173035e-01  2.803997334840481193e-01  0.000000000000000000e+00  1.008480723889633168e-01  2.711943364566523629e-01  1.106946858455861715e-01  3.254573977825907516e-01  2.512453088683924696e-01  2.211795782825926038e-01  3.806258656129287710e-01  6.901925803400333903e-01  2.397192777815472242e-01  4.794477928427793856e-01  3.746895161737175961e-01  1.205971651738412254e-01  4.102145155987864111e-01  8.369412044174731058e-01  2.258919659035846239e-01  5.363698866915886931e-01  5.917440817826304933e-01  4.336168891955886062e-01  4.662832115529945698e-01  4.859064457130646275e-01  7.698667521540635272e-01  4.989533201010515340e-01  4.270046041207467002e-01  5.052377561311132137e-01  6.374364363108142584e-01  4.482023077076782158e-01  4.715467827506769627e-01  8.257295658255985327e-01  6.882161235115975551e-01  6.746702708856988639e-01  9.309486966739751734e-01  5.161224304070937130e-01  4.193108324996444036e-01  4.761863590106525379e-01  4.281516737284868368e-01  3.700368034374332815e-01  9.930811399316502586e-01  1.114348434885931161e+00  9.023996493602721714e-01  8.248765030066319559e-01  7.256819975124133570e-01  7.899220488232345794e-01  7.642195175716754996e-01  9.100465948417232331e-01  6.316534925494787789e-01  1.126873463511684603e+00  1.006238954037717459e+00  7.480035423159800967e-01  1.188439488618930451e+00  9.118904564460470485e-01  9.809074340617290888e-01  8.159343320099324837e-01  1.264960450233316269e+00  8.528146937362506286e-01  1.049870687356570853e+00  1.207493137708821607e+00  9.013026876819080213e-01  1.411587653752997884e+00  1.061945501988863949e+00  1.191907702935141700e+00  8.979380491187963775e-01  9.181573569965384429e-01  1.169584684329724844e+00  7.908166410060093465e-01  9.484546736192325245e-01  1.303221987705329710e+00  9.373952517695248732e-01  1.032155721351069477e+00  1.018445750101794500e+00  1.363008029179112901e+00  1.360038162284465058e+00  9.125677349589543796e-01  1.184254440188738489e+00  1.368439924343371139e+00  1.208140729174470795e+00  7.351472002506517223e-01  1.334402571413495053e+00  1.022801428565203841e+00  1.405575088978090026e+00  7.917496899331220028e-01  1.209591646617974803e+00  1.292487005836113756e+00  1.025929102133165571e+00  1.225690988936344761e+00  8.897259459320974173e-01  1.095011265877396722e+00  1.339392831485220148e+00  1.142079249788237050e+00  1.228243964294242652e+00  1.110234392790744540e+00  8.784758445442962804e-01  1.209510742932079053e+00
1.070512285316243872e+00  1.018721113203506778e+00  8.616367082305930181e-01  7.890733141393950767e-01  7.893414245165137899e-01  1.959190987187604538e-01  5.429305691381584031e-01  1.008480723889633168e-01  0.000000000000000000e+00  5.585762920037612433e-01  1.081242189079895111e-01  5.901796540786262701e-01  4.174885172908135988e-01  3.437283486132464150e-01  6.587707810776808337e-01  8.225340537160612531e-01  4.488424533705253072e-01  8.373999227082629115e-01  5.556176818722400323e-01  9.528626617059710036e-02  3.488073905974367062e-01  1.073141520050057585e+00  1.715446071978131704e-01  8.401032330343544130e-01  8.784095638423643493e-01  4.692105336648260128e-01  3.150256426080295657e-01  7.433526904483097608e-01  4.674539845733621801e-01  7.984228033376254974e-01  5.266555361262731383e-01  6.674505760674698251e-01  7.181532515341737533e-01  2.910708397558154914e-01  1.792438607133992612e-01  6.534332826006855610e-01  5.475318354772571450e-01  5.860618233810634958e-01  1.138882265885785561e+00  2.775754914911685578e-01  4.746947043952349787e-01  6.378935560578051778e-01  2.378753348027237147e-01  3.127960154587695607e-01  1.080660897359782213e+00  1.131954705103675352e+00  7.565608737048499233e-01  5.266618301853691619e-01  6.727513812218159917e-01  5.638104251884241691e-01  7.294792020943889899e-01  6.008750440354433398e-01  3.151530979644727726e-01  1.065629029487952462e+00  1.289464658116090234e+00  5.842291798337005959e-01  1.231561622605228168e+00  6.877916188522503749e-01  1.111005425564761895e+00  7.967092159339469459e-01  1.402169810525006888e+00  7.683865224974107955e-01  1.326731277625658123e+00  1.282515577657027173e+00  6.706638054614668665e-01  1.516803012840215015e+00  1.262968258053111192e+00  1.262511616735862763e+00  1.017519247337279387e+00  7.591094907603584963e-01  8.417182514009634575e-01  6.076140942351637708e-01  6.529063725479160585e-01  1.339774529685959559e+00  7.660730190755041802e-01  7.853876253334071134e-01  1.119336017950952389e+00  1.467162486794542531e+00  1.489075850706253590e+00  5.558296446284193282e-01  9.736687619220397716e-01  1.448709920780278049e+00  1.246076155015683140e+00  7.571653320129863030e-01  1.352886519470802629e+00  6.864755718146433594e-01  1.441578835289522020e+00  6.825340529721592997e-01  1.219653993008425363e+00  1.064744475526717693e+00  9.617072213173737394e-01  1.370033011568897008e+00  9.907829258485305601e-01  1.013338096886686523e+00  1.083801068382637345e+00  1.114866067685070794e+00  1.058982117725046912e+00  1.106389211504617665e+00  1.016141706342214013e+00  1.214685698700286531e+00
9.151743500143261212e-01  9.217578931866261538e-01  8.086416574407915281e-01  4.510886335370799527e-01  1.879099503188274012e-01  2.014717241523371616e-01  1.113293014431169237e-01  2.711943364566523629e-01  5.585762920037612433e-01  0.000000000000000000e+00  3.260233258295548442e-01  7.906337393486162490e-02  1.344214130745423619e-01  2.349090024076310179e-01  1.549414064866239116e-01  5.634329234822837984e-01  2.135475802473993934e-01  1.749980293783157670e-01  2.148604351569053383e-01  6.127653195922857510e-01  6.017428183536281949e-01  3.967610236394407686e-01  4.765373991231959261e-01  2.631472893795596679e-01  1.886216669595560669e-01  5.784781651906443223e-01  6.908292642740897493e-01  2.106557460873234033e-01  9.851462501946541828e-01  2.448788943210050695e-01  3.871815104251349338e-01  3.952030079293031850e-01  4.416513972936175758e-01  7.315166248389073367e-01  1.032556558879395681e+00  9.322206835854565110e-01  8.207088644504306751e-01  8.812976746922189797e-01  4.042678610830612307e-01  8.717934111185982049e-01  7.973818958163515491e-01  7.126748726878866513e-01  8.612657112492170253e-01  7.335953902864043030e-01  8.278237162530110993e-01  8.148668417629045813e-01  9.256224216718652587e-01  1.108718128878453779e+00  7.949298644937404790e-01  9.452247448637193239e-01  8.225977771464738630e-01  1.139486150008674592e+00  1.198676895103026441e+00  1.026185038232255486e+00  5.597780554771051298e-01  8.815373605092524656e-01  8.780863116957015047e-01  9.539967026856414067e-01  8.364469089858830309e-01  7.923653992144510383e-01  8.106498551736802671e-01  9.650223695239348309e-01  6.783280429465197159e-01  7.766692457188162368e-01  1.224998023419763715e+00  8.749283196816836083e-01  7.527858480647722228e-01  1.019909490268251950e+00  8.949817829475725794e-01  1.141278160240430051e+00  1.334957703076090407e+00  1.088131924526332339e+00  1.179739252020753026e+00  9.021189211617531845e-01  9.541892818854645908e-01  1.279624943380923696e+00  8.813967872312729046e-01  8.874464193805101653e-01  8.095095524421207500e-01  1.241183597475940648e+00  1.207520406825203008e+00  9.808311519288595015e-01  1.035105891360898589e+00  1.031224834530698242e+00  1.128850883059874022e+00  1.431014105458463304e+00  9.772075250840355221e-01  1.147900399922550108e+00  1.157340181218548203e+00  1.299714076120475514e+00  1.110639002940391640e+00  9.954367763714756512e-01  8.810951015040526801e-01  1.220304351576570134e+00  1.270344774455574921e+00  8.485820452218415522e-01  1.309985752286098482e+00  1.083158793700175648e+00  9.920592033990153213e-01  1.162994017696703297e+00
1.083084932693129110e+00  1.041506249552229146e+00  8.808420802522726190e-01  6.318421047078908170e-01  6.296502086863149383e-01  6.367744470451031091e-02  2.463014144044677334e-01  1.106946858455861715e-01  1.081242189079895111e-01  3.260233258295548442e-01  0.000000000000000000e+00  4.104583501666223544e-01  1.973241691828644395e-01  3.336617758892195251e-01  4.894918123275496802e-01  4.831539144034462385e-01  3.804512721039257084e-01  5.798731929394345119e-01  2.930388258387631728e-01  2.172229143709870636e-01  1.579932023164654087e-01  6.823624064492208596e-01  1.107181123744050977e-01  6.561182972473216246e-01  5.440628031146852450e-01  2.549951231264085960e-01  2.005268541418608885e-01  4.790111529283932468e-01  4.259433514278266886e-01  4.885259478260542965e-01  3.914254022195010618e-01  4.725752313635602775e-01  5.008467531115490257e-01  4.511077388660176268e-01  4.291234555664668049e-01  4.537412561571906311e-01  5.080843748786305625e-01  4.044712798412481991e-01  8.380220631749800697e-01  4.299766301194020146e-01  5.156106681521744894e-01  5.859725856373876329e-01  4.204152001213188328e-01  4.062412884878904284e-01  7.410919854085051828e-01  9.467386127380329475e-01  6.491625313247261220e-01  5.127720181999270155e-01  7.238885604594379464e-01  5.258857777462819794e-01  7.931908550246627998e-01  6.313008554255270521e-01  5.646855198550984056e-01  7.634649590432812660e-01  1.042685791232905279e+00  6.469361767698049714e-01  1.092848674180072921e+00  6.830713080859205366e-01  1.067688669068553864e+00  6.726149853586698146e-01  1.199169048797771753e+00  8.529991742524661857e-01  1.152924858033701483e+00  1.060522594531098761e+00  6.234089384001686440e-01  1.227290419699498702e+00  1.215335502628080100e+00  9.595333315317414735e-01  1.103957255902646928e+00  9.253118620486540102e-01  8.087765762427535643e-01  7.987669557092269557e-01  8.048308435559756724e-01  1.077735846097446659e+00  8.574948915317561760e-01  8.889380625548374271e-01  1.154202231680040214e+00  1.192499751772013949e+00  1.213665283178396281e+00  7.531865978974945364e-01  1.020757710493111148e+00  1.307950254948985647e+00  1.153277106152803988e+00  1.031891024647161537e+00  1.162807225976837611e+00  8.020620582558346534e-01  1.305291937084576137e+00  9.643590150165043395e-01  1.004463312620069493e+00  1.089880225732982266e+00  1.094082313643187865e+00  1.312092354889067281e+00  1.090150019569766426e+00  1.153323308670398228e+00  1.075032229998998057e+00  9.910235162907963247e-01  1.165484460819133927e+00  1.163794368718949146e+00  1.058707197827087443e+00  1.014173525019369970e+00
1.055774832280463871e+00  9.466751215524132901e-01  8.040710174556791046e-01  6.492579489455774233e-01  3.246025889880018722e-01  3.489660802078923263e-01  2.570427651016046200e-01  3.254573977825907516e-01  5.901796540786262701e-01  7.906337393486162490e-02  4.104583501666223544e-01  0.000000000000000000e+00  1.646742980589673833e-01  1.153078726935432563e-01  5.538658780443561636e-02  7.484766977055069548e-01  1.183809301850529128e-01  1.364288426644053587e-01  2.633552933039206012e-01  6.624588826285291443e-01  7.784708798596990942e-01  4.857436286189743546e-01  5.136947505588526086e-01  1.295025859857061867e-01  1.890834816784732197e-01  7.800910555860309792e-01  7.721082406401913456e-01  1.823019098081420930e-01  1.046235834734904335e+00  2.774017994707175250e-01  3.609735413842851681e-01  4.161079853053119004e-01  3.913438714186738832e-01  5.544172238965947574e-01  9.854176640087617400e-01  1.078778145385587139e+00  8.416195748127475174e-01  1.032742188911209835e+00  3.005666568081927226e-01  7.274888886119874609e-01  9.368629240580782502e-01  8.276804328955269519e-01  7.921424338413722843e-01  7.747015033951037966e-01  9.835608331003281579e-01  8.496933696216687482e-01  9.622952801476215567e-01  1.173913498311793369e+00  5.375667899407325923e-01  9.887828320703136997e-01  5.703631816133007959e-01  1.191026454220156072e+00  1.172818043876643568e+00  1.179896789850087613e+00  4.369858197953835344e-01  8.066083345321733988e-01  9.040405310245580583e-01  8.480577917767285756e-01  5.657999026828515188e-01  8.278574210005182898e-01  7.576833049246138874e-01  9.842482551563227489e-01  6.188132685239340347e-01  7.521532019275561920e-01  1.343968874610099284e+00  9.234822096280276282e-01  8.018496186725797559e-01  1.166372219205843663e+00  8.347538806976839698e-01  9.727616116903139432e-01  1.434549413651359462e+00  9.821290011042511647e-01  1.021277500185888254e+00  9.219486393520726075e-01  8.560245817916772859e-01  1.271559511690115496e+00  6.446312208725768489e-01  9.004692725888520100e-01  7.716638951749322795e-01  1.176160865107936271e+00  1.213457079272616923e+00  9.702534544774699121e-01  9.952483636466676886e-01  1.063648881999229800e+00  1.198986633790577239e+00  1.548530066423903673e+00  1.061321176088476426e+00  1.124046262865458390e+00  1.316411089887881136e+00  1.303875513788941287e+00  8.599269601993579926e-01  7.641131854552891678e-01  1.093530733757104523e+00  1.087471726436938235e+00  1.302459965535656128e+00  8.685684113581880750e-01  1.199497429549331917e+00  8.434191607772504318e-01  9.577340919110192141e-01  1.323528351118643975e+00
1.097622130015612818e+00  8.522087017829887978e-01  7.381482729452457647e-01  7.708355667642816655e-01  4.900998112193823975e-01  1.433013705339488686e-01  1.183074688866871949e-01  2.512453088683924696e-01  4.174885172908135988e-01  1.344214130745423619e-01  1.973241691828644395e-01  1.646742980589673833e-01  0.000000000000000000e+00  2.903889905573114882e-01  3.176291449342897311e-01  6.310024937430587233e-01  3.089645221867649560e-01  2.684712344083283186e-01  1.171402210327278093e-01  5.045047174809554891e-01  3.714338989020291582e-01  3.379931257822179624e-01  2.117060642124778402e-01  4.161736719673249096e-01  1.761553303760833300e-01  4.676685529852450118e-01  4.183794046088765706e-01  1.918318673759995541e-01  7.927730225629687766e-01  1.991267877616657023e-01  2.207461573937762322e-01  3.140960205079436074e-01  2.525342307511434514e-01  6.477215105346365576e-01  8.123636424186400085e-01  6.803486998835068800e-01  5.203215469754762790e-01  7.561015523020775397e-01  4.213636229161386026e-01  7.266742471064724374e-01  7.076163431899409328e-01  6.280258317556175474e-01  6.756046575090747242e-01  4.787101096558903368e-01  8.525948146338936384e-01  6.111631769300813755e-01  5.682219305452972380e-01  7.736756437319379787e-01  7.750018194040089181e-01  6.119503205129150913e-01  8.968287059564405972e-01  8.084371216150987305e-01  9.849459944813285794e-01  9.391166501295959979e-01  5.889612244023517684e-01  6.558370951169214536e-01  7.182069398155961348e-01  7.761010355733661825e-01  9.471511901042787285e-01  5.546186952475131715e-01  6.950288184895760946e-01  8.942170409195997482e-01  7.409729182784794421e-01  6.753644381712514688e-01  1.050478177905445287e+00  8.106295363455537917e-01  9.343355941755405736e-01  1.031426713483702517e+00  9.948606522816927367e-01  1.115326310947530652e+00  1.093813583033467651e+00  8.780034447759860194e-01  9.222675888577422931e-01  7.251165070392003864e-01  9.522376258571094709e-01  1.045044639938368602e+00  1.040288298160415126e+00  7.218556203188442044e-01  8.151358938512371921e-01  1.090340980110889202e+00  9.635786963350633227e-01  8.380796642092307458e-01  9.965537401571419318e-01  1.180759272922813574e+00  9.707221123280413977e-01  1.206261757800179524e+00  9.575770884113772308e-01  1.221170359993944299e+00  1.174269962646011578e+00  1.055571669644237431e+00  1.241051083271093702e+00  1.110235588437952670e+00  1.168709834135305714e+00  1.088684165264677040e+00  9.904126541727764632e-01  1.023461159609576621e+00  1.221665766215893845e+00  1.223647051625558646e+00  9.576819154621311059e-01  1.218639676880934442e+00
1.132811775922332842e+00  1.034868370537088689e+00  8.488204852511792575e-01  7.031252581482787534e-01  4.673691313300852856e-01  3.532107290312520576e-01  4.584198108418127138e-01  2.211795782825926038e-01  3.437283486132464150e-01  2.349090024076310179e-01  3.336617758892195251e-01  1.153078726935432563e-01  2.903889905573114882e-01  0.000000000000000000e+00  1.747404185930319098e-01  9.618204156473597610e-01  1.319272730689337036e-01  3.986022259845437565e-01  3.789546483485423112e-01  4.692731863099511846e-01  8.067498352978785814e-01  8.695236240471384548e-01  4.266680211004012513e-01  2.979675551943622436e-01  4.748701293335315654e-01  8.681138157233110331e-01  7.326738864214257241e-01  3.400170818884074020e-01  8.208382131421977368e-01  5.564195190481822095e-01  4.200339944671277470e-01  6.221739261673600030e-01  5.248417163880394476e-01  2.291100133861668775e-01  6.103507543421575754e-01  1.098718209480753938e+00  7.982995231898277755e-01  1.066563971431741864e+00  5.263859794655102453e-01  4.053816802777655548e-01  8.963421602838872460e-01  8.961172272858446419e-01  5.089424639822117680e-01  6.374311520984111690e-01  1.215313796409533964e+00  1.083117018675678001e+00  9.796354480335613957e-01  1.011343159521352009e+00  4.160260129000262763e-01  9.082057949692114995e-01  4.425271763526806845e-01  9.949607953778716318e-01  7.983006882696224160e-01  1.348611246591536084e+00  6.635690886337568539e-01  6.648228053790110614e-01  1.140726205802354620e+00  6.922387022571447890e-01  6.597203550735929456e-01  8.953700832981321689e-01  1.037100342613335169e+00  8.551124995249164140e-01  8.260509711719126180e-01  9.623662381310608138e-01  1.273291336035425880e+00  1.247530414487924899e+00  9.693912986181341118e-01  1.418525005792805826e+00  8.146055766153263988e-01  7.711285998633483629e-01  1.307561505557305992e+00  7.119957457713178561e-01  7.890256586298434183e-01  1.133238637061933840e+00  5.614844862190634389e-01  1.104410687408710068e+00  6.713463047238708015e-01  1.186452693388457158e+00  9.762972208326553547e-01  8.007129999138133947e-01  1.171077314820468951e+00  1.205451311786397861e+00  1.140114236378988677e+00  8.692410066074371944e-01  1.428456228770436098e+00  1.365501243574330115e+00  1.274551002804501953e+00  8.675081909246288303e-01  1.499097370513452265e+00  1.230680534227442280e+00  7.161925512135871585e-01  9.287545310692378875e-01  1.050360515152509056e+00  9.868486664129174635e-01  1.276401570620626647e+00  7.590641909489648231e-01  1.057407569559264626e+00  8.429429473901159930e-01  9.217452966369846790e-01  1.476609951163108780e+00
9.652266162964540097e-01  9.673608228607026849e-01  9.942433617147500291e-01  6.454929894661636247e-01  3.582460124163542314e-01  4.614601319713689254e-01  3.361150802112914393e-01  3.806258656129287710e-01  6.587707810776808337e-01  1.549414064866239116e-01  4.894918123275496802e-01  5.538658780443561636e-02  3.176291449342897311e-01  1.747404185930319098e-01  0.000000000000000000e+00  6.715296667632771888e-01  6.347087992164790471e-02  1.060937234258746420e-01  3.485195799908287206e-01  6.505366198172124470e-01  8.348528811088662405e-01  5.428940114028235620e-01  6.105795114167018589e-01  3.745484295568779487e-02  2.465148101722828278e-01  7.445939038412089372e-01  8.107804465965706697e-01  2.319920463695218649e-01  1.098428071307288922e+00  2.959110280688022065e-01  4.099205569692816464e-01  4.015432460532973868e-01  4.525277564002482267e-01  5.688731965159459225e-01  1.013469801255577174e+00  1.096099428685606059e+00  9.080274561727116334e-01  9.433349479341337496e-01  3.466997220435819038e-01  7.099586933308601466e-01  8.665775075979855746e-01  7.648202493541180758e-01  7.824571155810570167e-01  8.461347170097587300e-01  8.701881059849820854e-01  9.513843388331182371e-01  1.073805450518455329e+00  1.239480638477721053e+00  4.086491034813725109e-01  1.082768379406695125e+00  4.040978529079245485e-01  1.311717865654626891e+00  1.171209695882413193e+00  1.110078151572369221e+00  4.484706751051810159e-01  8.419181276508890255e-01  9.917808561173949711e-01  8.482634252515033335e-01  3.615513318007178567e-01  8.624993336257447130e-01  8.403444537828778094e-01  9.667957211463027445e-01  6.025610440388133870e-01  8.043164578484630622e-01  1.254712252364299063e+00  9.833831231798202399e-01  7.552854548779742716e-01  1.049435256407628803e+00  7.263762831993640923e-01  8.422878225663757989e-01  1.476140282127491599e+00  1.020982522712572171e+00  1.036102851394658630e+00  1.015030284839188335e+00  9.052542058973815919e-01  1.275187855979460938e+00  4.519084308126003480e-01  1.031929262326748420e+00  8.283971081553160865e-01  1.205658246257932609e+00  1.285017711349433434e+00  1.074793188888066853e+00  8.851792270753497949e-01  9.707392500859000073e-01  1.190814542966040612e+00  1.546511962786655925e+00  1.150946054623938064e+00  1.003992377330407804e+00  1.186105405590044626e+00  1.413526872856369465e+00  6.628587675239125954e-01  5.763724515462456122e-01  1.051092128362005385e+00  1.062533315827391300e+00  1.446230888189390384e+00  9.010444262464898380e-01  1.144666729925693405e+00  6.237887267799322455e-01  9.927834885756733341e-01  1.190678671392987553e+00
