1	0.3036461205802278	0.24065194836271817	0.22514886258375164	0.23290303468090806	0.15289689683191937	0.13453596034950158	0.12658564107105036	0.10565270846358646	0.14212525727727138	0.10609488964741717	0.12495675904216474	0.11377148813106476	0.10478306630803415	0.12668617374412944	0.08904685431213721	0.09950093574547723	0.10647990955662598	0.08267517324826752	0.08072364476084766	0.07705465084006222	0.07789410524858266	0.07569902957941525	0.09551269076888022	0.08202330100062044	0.06964194190882138	0.06259709679753221	0.07202484754052688	0.0481067047653572	0.08399435833818056	0.06677661090295002	0.06529641911895472	0.06528152176072803	0.05629285717118544	0.045019924059223615	0.048147845329637555	0.04454382054008539	0.0521937494439775	0.058725401754286324	0.04996767946595503	0.046819300330280034	0.05184279327546762	0.05106122678943683	0.049933298255124874	0.048476324676401145	0.04702385100759651	0.040607944433792335	0.040799358693120576	0.048725344975442425	0.044113048447794345	0.04615218971225539	0.03659211759536735	0.03363154316791298	0.03938438446545329	0.04767002012072435	0.04324235271240365	0.03981348733857664	0.04001052837233535	0.0475571732562863	0.045027305259001	0.040177462000073334	0.036351371096699836	0.04046229433861852	0.038869497533365334	0.034213731161516214	0.03476754683991432	0.03689525039948322	0.03316881412778051	0.036184710419635856	0.03185661920704749	0.02565741982056306	0.03330904377998313	0.03195894261991414	0.03501308766761548	0.030285013715593133	0.029662858498184116	0.0371327209462266	0.03268782959137486	0.033229457154830104	0.025699415784938492	0.02963929357947779	0.03262712968180391	0.03025593912118395	0.026640197856191324	0.028580164729466062	0.021879882671094312	0.025633551850059395	0.028389127112604988	0.02569694905384136	0.02324872942509501	0.024270619754315475	0.031060736914543904	0.02055431689034058	0.02788665636269964	0.02347987704822041	0.022328851596137116	0.024150178135537728	0.025422562352034356	0.023695517027008357	0.022433074935400518	
0.3036461205802278	1	0.22117828299998335	0.1914408691266903	0.2081067777142825	0.15831408360745286	0.14963179154394537	0.13496350954676434	0.108321292414879	0.15297913364197208	0.11375734538220782	0.13639416722639916	0.12925824175824177	0.12334601985994224	0.1259912619325493	0.09815058933002481	0.1028260596743325	0.1163685371698986	0.10503474506454101	0.0906628760131617	0.0907332987859345	0.09698089268543751	0.09143479037733704	0.10299430023497473	0.10466383673598807	0.08162170182752446	0.07071426642879247	0.09420435780740263	0.055311010465964414	0.10223369076666239	0.08971063240216003	0.07915723632772313	0.08463546314942871	0.0672640764952515	0.050454834612410654	0.057393622597990024	0.057336274764252966	0.06305529616849596	0.07808799583619873	0.055723113373675276	0.054489876343341605	0.06463539306303553	0.05888377075522228	0.06116531897293921	0.06087545761007147	0.06036061477373862	0.052337589794884454	0.05025838219685765	0.06421813273495566	0.055228365903575966	0.052960078567859545	0.04609320739752379	0.04040350969368991	0.04944779116465863	0.06383999725787931	0.05532506452786391	0.051765408638966684	0.0513627200293227	0.053591947221421285	0.056881769442816525	0.05426121155842028	0.047902396222130605	0.05424577235470506	0.05586243879895539	0.041704958207518274	0.04945408258441145	0.04871040719027106	0.04300396089113471	0.044904817460721565	0.03911232677846675	0.03263280624745021	0.04354769240963456	0.041314294245242425	0.04845459798017966	0.04030547024888451	0.038532114162981565	0.044326206107858826	0.0467438914982321	0.047455909406360505	0.030280552864000356	0.038953523178543635	0.04359585963588759	0.040804939988176976	0.03367588686150095	0.03777110532634723	0.02772644495366606	0.03712719004948509	0.034497407689963726	0.033160211306782025	0.031041900297928825	0.02849074308390683	0.03744736737020982	0.02887523300078023	0.03398735882199717	0.03184039543284016	0.03039330409382844	0.03158280152477992	0.028020687252686395	0.03279852271859317	0.0285153619128384	
0.24065194836271817	0.22117828299998335	1	0.2095330898587606	0.20993543863749234	0.16446985384057958	0.14718113444933725	0.15111165975561627	0.1385846168329512	0.15897727231344616	0.13563097028677298	0.14852528354142677	0.13866639812849552	0.13797176961155344	0.13630330569478927	0.10984080924668083	0.11389923383590636	0.11992755279957534	0.10048697960282647	0.10744513814374904	0.09926244686893598	0.10295032677009167	0.1003743406499915	0.10829296683927772	0.10751002567069352	0.09245091379864703	0.08598628314054663	0.09028837962533422	0.06908831908831908	0.1023057660958271	0.0875362217339158	0.09008445552497865	0.08839671883365685	0.08333607826344741	0.06822951933394672	0.06670636481096567	0.06316588487691356	0.07123754327364427	0.08231721355508535	0.0725852906303023	0.061936788331942896	0.06805568151905342	0.0691844844579056	0.0682224860038268	0.06592801750562713	0.06616338635750876	0.055566931032756825	0.05793708851499634	0.06889825112775844	0.06416095812729665	0.06501828186656047	0.05193985426615892	0.04998987220564947	0.05459754433833561	0.06441698466412268	0.05914369971238213	0.053449836480161564	0.0581508426528197	0.059350346978910014	0.05999096645269022	0.05840613234527291	0.0512562464492342	0.053717841275672445	0.054529205527166065	0.04832104832104832	0.048164020761069994	0.05071003723464272	0.04606401084835822	0.04609576422966832	0.050156681426848634	0.03792850221597614	0.04714673060703855	0.046788567206907695	0.04708844967598101	0.04476111073695358	0.044618239970117546	0.0494837650871471	0.04513079513079513	0.046126645518142696	0.03857090280854495	0.044203380340833535	0.04192921060556893	0.0430777257830461	0.03705918915432338	0.040731789896442626	0.032356415752353866	0.037886252099578674	0.03998080771436262	0.03666081255122351	0.03524447052004326	0.03686110135388402	0.04115568294812125	0.02916213893564585	0.03820787539565581	0.034457024067652164	0.03373353515790265	0.03409367720269136	0.036496281741517575	0.03146183283743064	0.03200391923179288	
0.22514886258375164	0.1914408691266903	0.2095330898587606	1	0.19849595499326242	0.1789618270531797	0.16182959872693647	0.1552180631271919	0.14654061219902662	0.16658286541378534	0.15355829739919363	0.14440207593553675	0.1463292272021586	0.1386428790241092	0.140614558649458	0.15582335825217036	0.11972727953847306	0.12285141685309471	0.11575200595250065	0.11861840930712586	0.12322941214732092	0.10604276371823643	0.11213420373309647	0.11859189776258243	0.114614527601954	0.11264737243724827	0.09863578317881207	0.10016260000149861	0.08912317900552191	0.1127022531001574	0.0989345788048799	0.09084962122475367	0.09507994820998115	0.0885567653426575	0.07333365707841645	0.08179265972981857	0.07027740073030378	0.09433154062157917	0.08921030460651286	0.0865414575968884	0.07079740859621578	0.07672050004759336	0.07652635754940776	0.07701656142023114	0.08275011726864571	0.07497043476386872	0.06594380255691529	0.06986767444227157	0.0769983227068639	0.07178338551416512	0.07370259792828598	0.06418442472766038	0.05633685635127752	0.07190387311338414	0.068271174183242	0.06867520958411401	0.06051361952792926	0.06941571836073088	0.06416424483682158	0.06960238574042728	0.059231348073390436	0.05990295989120763	0.05850669674950507	0.06178918303114561	0.06289754412999676	0.0538442705956978	0.051214463688173895	0.05837991699722305	0.052163150492264415	0.051801263541458725	0.05312808636719681	0.05216893760482871	0.05267860373587773	0.05724584793497094	0.05060409833767836	0.050073629393079404	0.05411752920420963	0.05047899265126267	0.052247234989543846	0.04963087286376884	0.04909974407251654	0.04604569023398049	0.04945843297228865	0.04038266218033466	0.04645624410972974	0.040465761716853885	0.041111322355558456	0.04444972664606608	0.04777126871904933	0.04028641524505049	0.043548755423612695	0.0448336647346674	0.03173901816199466	0.043348179376466185	0.04187019441768739	0.03881849339420055	0.04207262557025286	0.0400453923623653	0.03567467493573228	0.04204091176084812	
0.23290303468090806	0.2081067777142825	0.20993543863749234	0.19849595499326242	1	0.18393225272783859	0.17250422029051418	0.16694600069438026	0.14237369366970645	0.17589611090758345	0.1483717780298147	0.16148117563532546	0.15684067817902964	0.15166087973708153	0.15439881068898564	0.12773870969538031	0.13525599298106586	0.13930288885332784	0.13500736538535638	0.12160797098122045	0.11767791829625197	0.1208115228821133	0.11962508857699201	0.12840316939110571	0.12527588743792534	0.110121399538974	0.0977007778998858	0.11399591695053862	0.07691770427892033	0.13324554472829428	0.1086561649525439	0.1047719668955802	0.10681261323845555	0.09077177497967866	0.07340242074556384	0.07990834516028333	0.081682051013666	0.08707528377353503	0.09962364538755823	0.07914524926488743	0.07895603359259863	0.08873518221897746	0.08376973480548963	0.0804833920657635	0.08241856656687394	0.07940512120880606	0.069838295418807	0.07050068283929196	0.08133627114250534	0.07702745901371973	0.07613252988552818	0.06320529712960955	0.0582301085442806	0.06889553723985781	0.0815143444869323	0.07347187543007687	0.06763411567476948	0.0679327831361241	0.07444432904029913	0.07815912020837171	0.07050960513159511	0.0652161467716896	0.07170338698915486	0.07119591123351518	0.05950423127883828	0.06192958928756559	0.06386447051293591	0.061171989843645594	0.06200499537402609	0.05625931445603577	0.04630577983002716	0.05835052869401939	0.05748111067238645	0.06319188346379681	0.0561182303250389	0.05467758994188083	0.06148411548844413	0.05883852444170149	0.06156961820915908	0.04498848773678827	0.054008513356049205	0.05582100820617112	0.05569735240981211	0.04788204799846602	0.0525085807783761	0.04022843734363947	0.0487769794028399	0.05075078252736712	0.04812881717197939	0.04439649378000986	0.04456126915793068	0.05141299026274275	0.04016619056379142	0.050230917276577705	0.0429859502112116	0.04249926156931975	0.0456087696375905	0.0419268203891831	0.04307046002828384	0.042710633562882606	
0.15289689683191937	0.15831408360745286	0.16446985384057958	0.1789618270531797	0.18393225272783859	1	0.1951139833818621	0.1861462809679001	0.20047347210235866	0.17640469837050535	0.2054614259209311	0.162377609627131	0.17433589724787638	0.1564170596710573	0.15945205264622972	0.16583061351485212	0.14941156552655227	0.15038254924304087	0.16854152675173495	0.15899525923429317	0.16808890285957306	0.14003239151324307	0.16283297243216074	0.14146410152605918	0.1413186959710216	0.14969439552470734	0.1463472626760982	0.13356746816365472	0.12433533146193226	0.15545102556718185	0.14376806367429537	0.1249073441565048	0.14364483509328776	0.1177177237807771	0.1181339513622625	0.1266736969929377	0.12077767867402832	0.13024774381667162	0.11490055231943984	0.11606065098155481	0.10848425466460171	0.11525430689308228	0.12089409476378521	0.1123710013639756	0.11555555555555555	0.10955578154866809	0.10760663832121795	0.11444556065559212	0.10788216346076156	0.12801141655727616	0.09702167286587511	0.10915548718412778	0.09670337112895852	0.1033018687031934	0.09632387902618321	0.10567218243187618	0.09059665086195083	0.0992519735701058	0.08813599606747946	0.11168476910419163	0.0904393925779495	0.09477060317971238	0.08751991383759283	0.0981783467226431	0.09671437187515854	0.08758037763286451	0.08096900670033784	0.08732782525361929	0.08672864613596747	0.08058420939587965	0.07923956533061863	0.08510171312393869	0.0853911629414407	0.08925947442162457	0.07951306755899151	0.08483849472170589	0.07982223838696112	0.08233379956041446	0.08210736499047532	0.0748860173395384	0.08244451186780871	0.07768567988122099	0.07911653589072944	0.0663244183158069	0.07788395185908607	0.06644207598518181	0.06973593122259761	0.07196978610254842	0.07455398950424955	0.06667464401100874	0.0587706685837527	0.06804358622301422	0.053436686247199175	0.07089103305102738	0.06928009361529368	0.05942265957130541	0.06756136451488211	0.054862931849394475	0.058031426137702305	0.06754091305751139	
0.13453596034950158	0.14963179154394537	0.14718113444933725	0.16182959872693647	0.17250422029051418	0.1951139833818621	1	0.19152161618700514	0.1548890107117063	0.17454332004562156	0.19930791482305868	0.1575567176346609	0.17205911596833495	0.14200098587773385	0.15425676170141325	0.16737793309567198	0.14525258072130137	0.15479009687836384	0.17096255791626663	0.13594368892769237	0.1672917764483432	0.15637773185924797	0.15403954074253287	0.13975118831054514	0.1466511731401587	0.13330801767876543	0.11789008240469863	0.14542065506747884	0.10456535482384359	0.15348194105011811	0.14477530090852042	0.12656752827404452	0.13173335787753976	0.10243045655173987	0.09101409101409101	0.10893465375337882	0.12233341042196651	0.11803206268382567	0.11247571547052342	0.09967253376995497	0.1077247207824078	0.13033875055218433	0.10706963784911698	0.10270222999562746	0.11730521522930833	0.11509030432648906	0.10777669811616462	0.1053788441869477	0.09920988169712745	0.10992768896930356	0.08929177910473568	0.10119959494196765	0.08318816741246333	0.10481120089126449	0.10730989350508754	0.1021543478942582	0.09678409268827305	0.09150066997057259	0.08918288033603715	0.11357909295877831	0.08907690722711585	0.09304447883188509	0.09602078349666898	0.09659574195941495	0.08765656421961991	0.08193940659168603	0.07905553466540462	0.09300266298579958	0.08592473550287934	0.07999625435598333	0.07447536184300528	0.08643781504781411	0.0789351655313396	0.0936015390857098	0.07599123331340904	0.0849121482220634	0.07879586961346162	0.0848528591581641	0.08726010400992582	0.06505008051090308	0.08080577011061173	0.0849683779009399	0.07780829258490186	0.06465369947648272	0.08220564227795842	0.06430564618011689	0.06581925346498095	0.06811204390469204	0.07650503662692232	0.06732234381493282	0.057200332963374026	0.06984062805350584	0.053072978857905455	0.07173219978746015	0.07133085522406622	0.06176379577101599	0.06669094168393927	0.052598648249118196	0.06358434135783878	0.06810288766205913	
0.12658564107105036	0.13496350954676434	0.15111165975561627	0.1552180631271919	0.16694600069438026	0.1861462809679001	0.19152161618700514	1	0.19935640009574213	0.1668711193311567	0.1975360814324168	0.16231914540769893	0.16668605377553175	0.16323833854556666	0.1603139455856883	0.1585122805675969	0.15572307374570346	0.1544046378083795	0.1537936186106072	0.16999924431345878	0.1567950139967253	0.13330456625930434	0.1597228572811826	0.1435862096516459	0.13573805928312768	0.1319091546636457	0.12355901189387009	0.13567191127160175	0.10954022918850785	0.14086284489546883	0.14143473601899853	0.13974461159447754	0.13162735849056603	0.12919437594231017	0.12859870465351353	0.10646794640524503	0.1273554923500671	0.1251355764532008	0.10451566337993737	0.12114548329709429	0.1166926638745256	0.12128146453089245	0.12466358192365573	0.11175869304018794	0.10665174976487439	0.10501377341947679	0.10555194198829204	0.10017169679521076	0.11220855840807811	0.11389745652854141	0.10476522621349989	0.09671864153361456	0.10112860805007158	0.09218385335965076	0.09844866872678465	0.10732625041073648	0.0924478412753556	0.09717874536216316	0.09560669588368843	0.11295042925835318	0.08420049249344666	0.09869235688723789	0.0909619757787297	0.09256739434814333	0.09612201073045548	0.07233911223230101	0.0809146056929538	0.0828384142054623	0.09255430587716397	0.08851043911035238	0.07187940264863342	0.09335012111839494	0.08903994572700955	0.08484204008560929	0.08305656921836346	0.0868672006218681	0.08698395650130898	0.07500894249134435	0.07465645537993591	0.07739868472823337	0.08381350767355532	0.07513985480087175	0.08447888372606063	0.07481595135203614	0.07730448188219607	0.07097392473502782	0.06245907064846176	0.07902540002237887	0.0683255478439914	0.06838680214636374	0.06720791286698494	0.07237841549955258	0.06037615648573125	0.06955667789001123	0.06966647212059958	0.058814780188258295	0.07069249198972376	0.06692397577989448	0.05972497924712167	0.06488489772646283	
0.10565270846358646	0.108321292414879	0.1385846168329512	0.14654061219902662	0.14237369366970645	0.20047347210235866	0.1548890107117063	0.19935640009574213	1	0.15335223794830796	0.21014928467758656	0.1503728978138613	0.16960319489126083	0.18368537636960564	0.1526345046068781	0.15700646784240802	0.15548300752048114	0.13359664229511917	0.15768762527822527	0.2020689297864869	0.1703940491528308	0.11891573711628455	0.17717779226018682	0.1346068363404265	0.13288534035342953	0.15149326226119011	0.16826340124452024	0.1275977504827745	0.15388455093236353	0.1479946580108876	0.1533717021837782	0.1274259365845141	0.14500959825436063	0.14947382807161405	0.1731126922736264	0.1445506692160612	0.13299127287720183	0.14368619773458258	0.11387566317507822	0.1547999358160839	0.1255577446833169	0.12841021912099898	0.15413597712782856	0.1291164644543777	0.10925545878445507	0.11577902745616937	0.11759657310129734	0.13417967989407686	0.13160627180303133	0.13213974130410044	0.12315400645486485	0.13031655389733993	0.13524397342966277	0.1065504187220374	0.09787080049925038	0.11965313930397847	0.09528766158720926	0.12315786986349923	0.10397090254602723	0.12183636068387965	0.09271019748824098	0.1123076923076923	0.09244999604711834	0.103686834975853	0.12278816534135684	0.0846249175156519	0.08950075063084934	0.08955679181818911	0.0995661641262612	0.10769447833412178	0.09363532403693527	0.1127591548831537	0.09977839558402836	0.09508885298869144	0.10061537448993023	0.10249790444258172	0.09556478886848971	0.08174280921004644	0.08296736486376177	0.10123696255083116	0.09525959367945824	0.07789028969957082	0.08853265930557404	0.08540494458653027	0.08580775037745345	0.09074788776468135	0.07511665003284114	0.09549107520514338	0.08157281471124105	0.08120524956224753	0.08511229612131108	0.07931176022181827	0.06660667654739219	0.08660361018186759	0.08467281966193094	0.07112974305668904	0.08295983829862026	0.08079159616227034	0.06035884767874254	0.07556609653071117	
0.14212525727727138	0.15297913364197208	0.15897727231344616	0.16658286541378534	0.17589611090758345	0.17640469837050535	0.17454332004562156	0.1668711193311567	0.15335223794830796	1	0.16610620497827763	0.16469806246561947	0.16773696586394227	0.15218336182666395	0.16399848317478113	0.14861024220216285	0.1510821080455972	0.15382966592503997	0.15290616783930047	0.14023525877526496	0.14695134811675667	0.14021050216524708	0.14718325317794495	0.14285647779593394	0.1502357136808032	0.135606276604791	0.12272801659742276	0.13458830432231567	0.10648014078545812	0.14583050584562887	0.1359352963801872	0.12416993194473087	0.13808533399946782	0.11168261799223349	0.09741838421627683	0.10438711075871747	0.1083969465648855	0.11675413629907486	0.12121342212729878	0.10785841811431972	0.10084279956027849	0.11137616188204327	0.10940523212547942	0.10434677401614642	0.11053682868202183	0.10952076823065167	0.09864213960170999	0.10247788032720422	0.1061906026628483	0.10492918244285514	0.09908738360077096	0.09156561999963496	0.08520506034043174	0.09291879306695515	0.10031362314859328	0.10234689790051603	0.09536079441836387	0.0944746463966131	0.09140924516719368	0.10674177290246072	0.09447211907134016	0.09642850509815575	0.09550172175685537	0.09743571282863554	0.08547526673132881	0.08479476756624592	0.08781151819734195	0.0855166017889175	0.08625063419583967	0.08017870327497528	0.07206067460241394	0.08136415969132153	0.07849520266301155	0.0898797883883307	0.07570813209763738	0.08055273625881774	0.08386895552144426	0.08360579168612797	0.08198473754132295	0.06856414342629483	0.07855844065962413	0.07561229314420803	0.07997443625039943	0.0721960811854765	0.07649370226239206	0.059272022957382445	0.06884261624936126	0.07434349589625426	0.06971156901877534	0.06565346400243065	0.059299156475972836	0.07155369047168979	0.06043974037372037	0.06917578465631703	0.06456190138346932	0.06245184157805517	0.06549154579118202	0.058297806769736504	0.0622280869076704	0.0631421246698567	
0.10609488964741717	0.11375734538220782	0.13563097028677298	0.15355829739919363	0.1483717780298147	0.2054614259209311	0.19930791482305868	0.1975360814324168	0.21014928467758656	0.16610620497827763	1	0.15488736523680569	0.1814197676342722	0.16341127073642614	0.15778563714626445	0.18179861453324045	0.15408232019920903	0.14681946699061482	0.18564762754145825	0.16547955780446175	0.1891933300988228	0.13638636630222062	0.1866184542885302	0.14111117741839233	0.1492925541246	0.1627020512954861	0.1702181526646694	0.14437302510697006	0.1622597879559589	0.16152129498664153	0.1648054072978515	0.13378587444710244	0.1617365645587741	0.14561241295616748	0.15364477190782255	0.15284674724382397	0.15060089219693337	0.15472630924538916	0.12730383277265017	0.15344963700252318	0.12725121396520991	0.131495981409393	0.1471555112704677	0.1258664368550478	0.13425338287446248	0.13266110465070904	0.13144306771185957	0.14482409474566565	0.13692692414559599	0.14613714682312304	0.12780457370479686	0.1421155980534449	0.11853717903982161	0.12556674345345173	0.116659738507753	0.12521730613843932	0.10898307984326248	0.13400529167191635	0.10881609681045272	0.1345775303293608	0.10361372505955298	0.12184153426191643	0.10122611438112425	0.11666010833800788	0.1227585855411248	0.09979202832539832	0.09626333912924892	0.10920156002228604	0.1030084150225053	0.10964160412133055	0.10758277357834435	0.11181821387018298	0.10589460457350397	0.11001242493269828	0.10479726875967901	0.1121584257962584	0.10147569743042895	0.0977113514543266	0.0968394966929024	0.10552525492055964	0.1046497054768768	0.08979100833093938	0.09988608856613983	0.08506709568905627	0.09980595781379137	0.0898077282060855	0.08407804110603968	0.09700288288941672	0.09589377026548351	0.09136592901412645	0.08704004177623603	0.08459447579234433	0.0701767695925954	0.09175965196497807	0.09444217712314028	0.08117747896371529	0.09192905577696768	0.08099964061592901	0.07032659732260106	0.08756411209395674	
0.12495675904216474	0.13639416722639916	0.14852528354142677	0.14440207593553675	0.16148117563532546	0.162377609627131	0.1575567176346609	0.16231914540769893	0.1503728978138613	0.16469806246561947	0.15488736523680569	1	0.15942066965416635	0.1596365764212426	0.1630014317092474	0.13554354261090676	0.14984865286061078	0.14928211908241135	0.14223302815028682	0.1391243805545317	0.1342744036396646	0.13022954654635838	0.14353883702349812	0.14488297640248202	0.14603777458427428	0.12901526252531406	0.11649128528252223	0.1332341259220401	0.10208948584561776	0.14281927020922366	0.13260092279008295	0.1261021026473158	0.133765117969731	0.12213404142579021	0.09923173378652765	0.10186354320666485	0.10341166756228948	0.11130749561171747	0.12103674626281553	0.11132181264923234	0.0954665297252613	0.10901979362158289	0.11040615604138002	0.1040516663620301	0.10631895687061184	0.10451737304798996	0.09610833552458585	0.09681504886080337	0.11213438633498829	0.10537155072407096	0.10798079536189872	0.08925588277409192	0.08622964645708922	0.09397682080090301	0.10696317807242113	0.10401841499506741	0.09210664565274494	0.0970238656095624	0.10094987352227557	0.10448908204367183	0.09749237706968474	0.09062528246525244	0.09301006663830994	0.09649052145427206	0.08450704225352113	0.08266558822118186	0.08878386936418546	0.08174181897778264	0.08734368945718413	0.08505967124521505	0.07187268103255741	0.08946768406549213	0.08598800422734322	0.08572234103271147	0.07867295268028636	0.08002951966676838	0.08977374820829705	0.08173229432452934	0.08287020655107577	0.06951260697425432	0.07855104685165648	0.0760152995692561	0.08290637443179816	0.06845518740597309	0.0757013128092983	0.060438876978348835	0.06955507223414521	0.07436012958314561	0.06948463058985303	0.06640143081359273	0.06795598289035938	0.07706382978723404	0.05627708834969439	0.07088901801278326	0.06392940097131915	0.06413098601753242	0.06802891893688198	0.06494936470451879	0.061665287791041246	0.062427543364612724	
0.11377148813106476	0.12925824175824177	0.13866639812849552	0.1463292272021586	0.15684067817902964	0.17433589724787638	0.17205911596833495	0.16668605377553175	0.16960319489126083	0.16773696586394227	0.1814197676342722	0.15942066965416635	1	0.15260951833489017	0.15498355498355498	0.1557724735282104	0.14975741006883286	0.15153979316434604	0.15603180702947175	0.14849628232160691	0.15820642483411768	0.14447367227538663	0.15810573791029817	0.14364136915392267	0.1493178429146914	0.14487566952930966	0.14410778710769132	0.1478293282391175	0.11738970437911436	0.15309592704886849	0.1444322083306342	0.13419553426255756	0.14243515612093177	0.12178191263158583	0.11783845454993626	0.12135843971730755	0.11559667728654767	0.1251947808756947	0.1231835442625727	0.11848509536044786	0.11024951059399708	0.12117726521904863	0.12579299066738095	0.11490195552095776	0.11717126949391983	0.11880007296095187	0.10782166944030831	0.12741100947354375	0.11450675329116088	0.1281791761252729	0.10845585598508212	0.10772306733261873	0.09835493897354257	0.1070507496612318	0.10516524557818335	0.10903062789372983	0.10125105712869266	0.10345706022507604	0.09924777622057604	0.11757516859557676	0.10160174105562793	0.10213896680056252	0.10075415234930112	0.10398051579356304	0.09694410389138627	0.09326084130516238	0.09054541314001593	0.09800421129726265	0.09616097264821137	0.0920973888941384	0.08319521364757246	0.09594644267692765	0.09367391004731934	0.09795329491124806	0.08586667083141364	0.09403292344623113	0.09206167030108267	0.12434754492124347	0.0902544704797191	0.07735403416281751	0.09207323358468723	0.08554644960772001	0.08875286916602908	0.07374381093153053	0.08757068887351166	0.07307220837343996	0.08133313937513133	0.08345293745038768	0.08063479825237728	0.11236655753308882	0.06974163371667667	0.08010549394680817	0.06123862204757256	0.08047632457657802	0.08613763366960392	0.06707128561433197	0.07531359884286391	0.06577727161799397	0.07038084151006153	0.07373294546646454	
0.10478306630803415	0.12334601985994224	0.13797176961155344	0.1386428790241092	0.15166087973708153	0.1564170596710573	0.14200098587773385	0.16323833854556666	0.18368537636960564	0.15218336182666395	0.16341127073642614	0.1596365764212426	0.15260951833489017	1	0.16134279726633677	0.1333046402151984	0.14617534152208575	0.13660514111974448	0.15195474881447257	0.15308016010323347	0.1390837008652062	0.11540549533299477	0.1436947440306634	0.14335945007857637	0.13180181057140075	0.12478088042861023	0.12674067132165626	0.13237703688143324	0.10974240958922483	0.1357339239799766	0.13966386892361693	0.12449456922238954	0.13637669069077282	0.15547765355566986	0.11810851082478745	0.11027335448749673	0.1077684202575626	0.11281880867325746	0.13739861496591307	0.13786183498159243	0.10488958990536278	0.10827275874004846	0.11830244544357935	0.11138670613002064	0.10074575979213471	0.10328898071424934	0.10240977554748676	0.0992612791656075	0.1233914541033165	0.1094874623796336	0.1176356747824663	0.09921080516851445	0.09471169388221751	0.08915183198541372	0.11315018234705139	0.10539169213733685	0.0850235840128406	0.11364432985675674	0.10466798744518398	0.10860835978431298	0.09236551562132958	0.10163075131042516	0.09698703816626796	0.1019344718061024	0.0887961906261068	0.08532102792584931	0.08969459621640401	0.08162358226250664	0.09666025988533504	0.09277107445473412	0.07269691910760358	0.10198729434761362	0.08895864371131064	0.09359228262952789	0.11093221441582098	0.08611378019283655	0.09538897557558194	0.08295743163663459	0.0952634551763092	0.08422291333949736	0.08412512186658294	0.07682239893969517	0.08550815145937418	0.0751827768606179	0.0780146546865157	0.06691966892193564	0.07269815852682146	0.08255178293796078	0.06854281623391303	0.07081328241398797	0.08196215019817099	0.07933709158036771	0.06185962222067331	0.07340480864415026	0.07300665869899266	0.07802700477802955	0.07556373357404482	0.07628535304250426	0.06103649166066142	0.06258978042273754	
0.12668617374412944	0.1259912619325493	0.13630330569478927	0.140614558649458	0.15439881068898564	0.15945205264622972	0.15425676170141325	0.1603139455856883	0.1526345046068781	0.16399848317478113	0.15778563714626445	0.1630014317092474	0.15498355498355498	0.16134279726633677	1	0.13900807875448076	0.1624852240965985	0.14994832001873717	0.1477676759723072	0.14255386781100288	0.1375990227954517	0.13482337650280835	0.1486911122794576	0.15372078254174323	0.14572280789635464	0.1339368402975829	0.128686327077748	0.12722934685356396	0.10915665690218229	0.14720428711387057	0.14280012240390627	0.12786300846648418	0.13888115591708142	0.12450352488928017	0.10550734723762714	0.10952116094453153	0.11285318144345349	0.11754273812715237	0.12451247332401207	0.11520080249346183	0.10236629541330107	0.11627315530810736	0.12227543172253665	0.10601106466343832	0.11495055430476787	0.1082357358441521	0.09928096513132165	0.10622525868525226	0.12543277976644562	0.11040112009771065	0.12152280214504144	0.09584839951997365	0.09139541067713629	0.09943399342411459	0.11153182167674922	0.1092515389130533	0.09753898855133868	0.10298412894651439	0.11291272716562104	0.11121566246774928	0.10161171307623597	0.10171748529989812	0.1015905513032284	0.10292440910911836	0.09082676243266453	0.0900532649437759	0.09598471261757266	0.09130270491545171	0.09977113722807275	0.09436509743956795	0.07450872221804292	0.09165286920001615	0.08960601798441772	0.0924448950173849	0.08787930102974736	0.08837129082860405	0.10447937969316289	0.08484973698011855	0.0897371263953907	0.0753801924919795	0.08436212306154715	0.08025953759599196	0.08931728740090115	0.07835736771349126	0.08165747581751986	0.06423665778746075	0.0737739159495363	0.08519172281198982	0.07635476158852438	0.07156618938898839	0.08200610539026029	0.08700219967825602	0.060736890278125566	0.08280313048396085	0.06945631478739157	0.0694058856191005	0.07466730896609863	0.08258609377365791	0.06902901593639212	0.07000771271411257	
0.08904685431213721	0.09815058933002481	0.10984080924668083	0.15582335825217036	0.12773870969538031	0.16583061351485212	0.16737793309567198	0.1585122805675969	0.15700646784240802	0.14861024220216285	0.18179861453324045	0.13554354261090676	0.1557724735282104	0.1333046402151984	0.13900807875448076	1	0.13554369135543692	0.14387646492349454	0.15983317950295697	0.14091775772213042	0.17114897924751138	0.15067226014904372	0.15188404195050503	0.13135052576665138	0.1441177220677871	0.168803522518462	0.14679379323237987	0.13611256702818209	0.13221165490626666	0.14859965738416797	0.144497680431972	0.1398110778399803	0.14129004632332906	0.11638338962967522	0.11725197504848418	0.13733309923332246	0.12040349744323636	0.17579571565058785	0.12326345036625411	0.12447301069301682	0.1341189812874436	0.12184472535194586	0.11854976972467812	0.11191272773399717	0.17382574635462955	0.12593805886580536	0.11983456591076373	0.12442198853796575	0.11525498740382652	0.1304031461686388	0.11006435006435006	0.11588334360994285	0.09958726955883701	0.1597454144882936	0.11106443753675543	0.10921142616655269	0.10505407581113717	0.11547573833939197	0.09487740655883459	0.12526118213691256	0.1050103263490215	0.10766628554149697	0.10082003686987477	0.11172187578848719	0.12542788628750298	0.09996941414178863	0.09225115979973358	0.14714037487522644	0.09673974737611714	0.09679588151676975	0.10170130449878478	0.09780631149805206	0.09195893132322089	0.11114524281605183	0.08771712984531133	0.09894391170441187	0.08889301117655243	0.09968789130394154	0.09484326269868938	0.08808674251035355	0.09579898679736916	0.08674445945026865	0.09707504403314758	0.07443003358863337	0.09736793489357978	0.07311165388006607	0.08078684883697872	0.08244547659495076	0.12403573677581864	0.08481750497530029	0.07524628172807257	0.07793872082637568	0.06382825147712391	0.08131748927567674	0.084736720252056	0.07579422996181298	0.08140262993112085	0.0672663668165917	0.07249948654754569	0.11684736019363623	
0.09950093574547723	0.1028260596743325	0.11389923383590636	0.11972727953847306	0.13525599298106586	0.14941156552655227	0.14525258072130137	0.15572307374570346	0.15548300752048114	0.1510821080455972	0.15408232019920903	0.14984865286061078	0.14975741006883286	0.14617534152208575	0.1624852240965985	0.13554369135543692	1	0.14248356115715474	0.14889631249421267	0.14599783452610451	0.1416133180607577	0.12913844486589	0.1495355368330093	0.15276481605962317	0.14164215881090533	0.13349428594146434	0.13395070901738715	0.12498425979041036	0.11606068310873803	0.14328354084043832	0.15163431992230414	0.1337301527351835	0.15192579116118557	0.1320601152342963	0.12156589160978108	0.1179056578889524	0.1266486396997958	0.1227903125646864	0.12262071729112402	0.13043591819677697	0.11071487164431704	0.11816428080575588	0.13693907139573536	0.11318621010793102	0.11932348770449279	0.1145794885315054	0.10601189816354432	0.11719265190767782	0.12852074822618792	0.1185726019895957	0.12511971665552324	0.10382433918026247	0.10663254425250586	0.10236844530458022	0.10951059580409693	0.12288550775544915	0.10391838541858835	0.11349007773554634	0.11366336633663367	0.1230901415816803	0.10580444247940715	0.12481616727527388	0.10933857738980286	0.11042816365366317	0.10208345423945216	0.09349055586594916	0.1055319810065739	0.09720104765255463	0.11613324224843745	0.10634746142258052	0.08536546827762738	0.10063464196708741	0.10095238095238095	0.1004775737285215	0.09578378160653328	0.10107670908247901	0.11216071726356885	0.08674932273437345	0.09134159842810265	0.08992560413846654	0.09742720690186411	0.08838651842845514	0.09627959643771614	0.09564988690757982	0.08983758700696055	0.07715600383624824	0.07961173225527972	0.09964049393007868	0.08469089390142022	0.0798565245873471	0.09053037234786915	0.093954618457357	0.07575707684371125	0.09395706195764814	0.07989643846754609	0.07555064675771543	0.08782565951171555	0.08813098600522415	0.07479127507977444	0.07827792845427356	
0.10647990955662598	0.1163685371698986	0.11992755279957534	0.12285141685309471	0.13930288885332784	0.15038254924304087	0.15479009687836384	0.1544046378083795	0.13359664229511917	0.15382966592503997	0.14681946699061482	0.14928211908241135	0.15153979316434604	0.13660514111974448	0.14994832001873717	0.14387646492349454	0.14248356115715474	1	0.14507306299596806	0.13408778943961255	0.1381654890718354	0.1372490076869751	0.13710425135995538	0.1463889152510202	0.1436378393002074	0.13069105955525484	0.11960954083342644	0.1276869918955966	0.09405112745869984	0.14411263171702154	0.13230151580709457	0.1317775416415678	0.1310027838997796	0.1096387442814324	0.09223806783720315	0.10347178112751552	0.10679431698216603	0.11456022565338113	0.11878291398478642	0.1052801326944342	0.10939667921996737	0.1199905981901516	0.11383961581270091	0.11334193548387096	0.11436858374995229	0.1068809861172408	0.09924361930186466	0.10250755063244262	0.10955452132895493	0.10869826226857596	0.10420418752628113	0.09433610941837633	0.08580757840382718	0.09910149911603013	0.10826246294379907	0.10423732243312153	0.09840436275499899	0.09715432597416658	0.10271779097443522	0.1155840867697384	0.10254262838765871	0.09649837839712794	0.10151494883285399	0.1027369399732698	0.08859021970711332	0.09258502010495467	0.09358998191742855	0.09418202520244377	0.09631523272214386	0.0887269270379466	0.07048306375571191	0.0887363069343257	0.08405211026080725	0.0949896508664192	0.07928839277927967	0.0889359355263392	0.09251018703220637	0.08921505514784774	0.08882238981526326	0.06959806260391817	0.0828897878078206	0.08369064351415303	0.09219507893112268	0.07571229328551504	0.08536737346223006	0.06114901721491836	0.07565088945074265	0.07879419373383156	0.07868758042889411	0.07136799410029498	0.06770737114354332	0.08444819769767545	0.06255283178360102	0.07663035636993219	0.0699965084440524	0.06310887925131249	0.0733714969880645	0.06452378561451877	0.07326590001029279	0.07109327540820647	
0.08267517324826752	0.10503474506454101	0.10048697960282647	0.11575200595250065	0.13500736538535638	0.16854152675173495	0.17096255791626663	0.1537936186106072	0.15768762527822527	0.15290616783930047	0.18564762754145825	0.14223302815028682	0.15603180702947175	0.15195474881447257	0.1477676759723072	0.15983317950295697	0.14889631249421267	0.14507306299596806	1	0.14211190390106768	0.17060508697234927	0.13676641432357117	0.16881289199456598	0.1412505098770468	0.1462478986306848	0.15169686769824023	0.14791979412395453	0.1569387032006614	0.14140265950670755	0.1684718890001786	0.17389242958870138	0.1276310704624501	0.16559756920999325	0.1342530095974259	0.13038294723426996	0.15084770026791008	0.14763162149054265	0.13806589465249824	0.14146314570814267	0.13645369995956327	0.12960849103834984	0.13681800839374283	0.1395626447131464	0.12528637570575435	0.13653458495050697	0.1379881245592699	0.1407632893154662	0.13521932401423362	0.13300168263954934	0.13886723130653963	0.1211986868910774	0.14289333087693443	0.11179013265762408	0.12736445246248745	0.13830914346256312	0.13265250810377163	0.1149549588519644	0.1323150056886666	0.107924631406383	0.14508147254073628	0.11997729852440409	0.14204775394577093	0.1296883493386483	0.13562287598559877	0.1142889816456058	0.1212360594795539	0.10939546425863376	0.11958371438824769	0.1266436154670303	0.11234098392525181	0.10674498683410978	0.11980281351448839	0.11032604267306104	0.13390333356693998	0.11652232324928628	0.11800675592376161	0.1061138113067138	0.11931784838206125	0.12509487666034155	0.1021421370967742	0.11185891137748084	0.11017137221057823	0.11132227176375996	0.09563414819121774	0.11370535824468742	0.09019230268807411	0.10012018470491492	0.10259422173347996	0.10162993773412346	0.09868352855810096	0.08511357139144446	0.09577416216083064	0.08328233509831573	0.09810031158910443	0.10380497871791565	0.09511512253742602	0.1044124649489445	0.07878625202909109	0.09207722947847606	0.0960151017558377	
0.08072364476084766	0.0906628760131617	0.10744513814374904	0.11861840930712586	0.12160797098122045	0.15899525923429317	0.13594368892769237	0.16999924431345878	0.2020689297864869	0.14023525877526496	0.16547955780446175	0.1391243805545317	0.14849628232160691	0.15308016010323347	0.14255386781100288	0.14091775772213042	0.14599783452610451	0.13408778943961255	0.14211190390106768	1	0.15284093802978818	0.12310364632215949	0.15533864660756394	0.1370287740204768	0.12731852216883632	0.16966218899136182	0.1586834380869523	0.12232039397450753	0.1266221137866412	0.142419995996225	0.1460845369020803	0.14347553324968632	0.14427349265549202	0.14555183722081036	0.1573270094949849	0.127253855551167	0.1277103793568265	0.14411305420631704	0.1185398927520036	0.1471885085685713	0.2059038262201992	0.15157658629167925	0.14065588914549654	0.14392179971576138	0.11755998050295163	0.11428151738827072	0.12413673031164761	0.12558745705145927	0.13276756777009685	0.12922142420537897	0.12503307753373907	0.11605036610397966	0.1283929516135596	0.11004978580525646	0.09947179847080116	0.12321421657826474	0.10140420682595175	0.1234877013059851	0.10875990737428695	0.12274728500146757	0.10258633728258129	0.11921463050405409	0.0997192565833828	0.11042161342458647	0.12218838814453918	0.09057691317997014	0.09910616916538419	0.09636971823759978	0.10846359335271588	0.10737004433592495	0.09479609623946618	0.10996869860470052	0.1053782067145096	0.10011480106320264	0.10290022341991296	0.10784366898436906	0.1030316140795451	0.08502638248369272	0.08790817128780334	0.10168629402333168	0.10015243408036843	0.08606606280848295	0.10253217548115628	0.09635321380656178	0.09141343408353146	0.09402613353348573	0.08195739014647137	0.10612630215479862	0.09146918388452484	0.08435031897655551	0.08969567538707955	0.0885266512041272	0.07780522025486718	0.08942614181565509	0.08446475932509452	0.07294839634474108	0.08869507031691644	0.08370655678968111	0.06918122850349714	0.0837847925172761	
