0.0                       0.9758081951727521        1.0221071426519661        0.8375452412339301        0.6118817044850161        0.9379968569850693        1.0603954517502594        1.0729402107954595        1.033426634368009         1.0157049286434177        1.063853328078991         1.0724476354345682        1.0797540783979924        1.1856743571086013        0.9479179270848793        1.0492526400628264        0.9868895221278671        1.0205946475524479        1.112802522404815         0.9899542944743199        1.0267390785899801        1.0647033165067736        1.0492611500169768        1.0133979686656112        1.1471144934050064        0.9572762183129636        0.9917807405579714        1.1611489912651654        0.9978256373036157        1.0872382701769403        1.0739203318350372        1.0466729396787364        1.0365461347025597        1.0808125014976395        0.9804386035289855        0.9708593669342755        0.9591806643914697        1.0073906726537718        1.1221278080591826        1.0086522191305445        0.8947304872570663        0.9382719304872009        0.9784161347263014        0.9760580625537572        1.0425104788513713        0.8740375179255169        0.9007615355935744        0.9336219916480878        1.0399022321759248        0.9427522720403427        1.021071640089389         0.92954979117749          0.9535693079630001        0.9841644378156832        1.0923944126304024        0.93758926308378          0.8403238537844218        0.9850439780784286        0.9722557424893468        0.9535418253771302        0.9533532277081126        0.9687711860542644        1.0391817385698208        0.9787791083587268        0.9481848678845357        0.9523489935418847        0.9950645011404361        0.9964739654038431        0.9791828312633539        0.9848525854367437        0.9134615511901265        0.9744028093253538        0.9206659951542766        0.9412174237857618        1.060875578001541         0.9086073228356846        0.9791825752895699        0.966501866158794         1.036952946762597         0.9582726246159761        0.8651482475189257        0.8908506489371639        0.8919294548092612        0.9901736920813372        0.8902526710048763        0.930645753431929         0.9082405873926308        0.9638713568143066        0.9727016026630958        0.9283028673079465        1.020762548156333         0.9592960662736989        1.0621398930046646        0.8974558014126031        0.8497402709813072        1.1154796866431866        0.9284977396752792        1.0047803784092555        1.0981847510002576        0.9977211375503838       
0.9758081951727521        0.0                       0.9792026232629407        1.12768426337854          0.9394130408394312        0.863766463226473         0.8271914819953204        0.94069771153362          1.0272679066309363        0.866028605260405         0.9983747241931098        0.9144874937861284        0.9164436377963903        0.8911041841044779        1.0262994741347784        1.0255015297418186        1.061538596629024         0.9548008634139737        0.8773850888545146        1.0503314496743918        0.9809074920452504        0.9548328331767691        0.9952618880884201        1.0387443490939952        0.9091234397150134        1.0593006329097099        1.0438388062056363        0.8673615429313251        1.0139191410565935        0.9230860827388281        0.8869291915284814        1.0079085026871915        0.9539649238008844        1.0187937445875428        1.0418142065515532        1.006904538370258         1.0185112269662093        1.0159148270133318        0.9491359566309217        1.0609435541587646        1.0773024473647945        1.0270105266972713        1.0415242838351177        1.0051747944471772        0.9823126183116604        1.0989747165167394        1.02127759635894          1.0121275085988433        0.974529550765345         1.0369061440492917        1.0595865203223684        0.993144659895316         0.9997504176689254        0.9815953346107102        0.9616677784475209        1.0165803324261513        1.1168209727365823        0.9841970909612578        1.0612821078656625        1.0083142952072797        1.0236341836611322        0.9725293707464119        0.976567841744897         0.9657429057648954        0.9769545948302281        0.9751195409425722        1.0007828239494183        0.9756959580215143        0.9905354634750546        1.0055601004168435        0.9751286725353807        0.9489455765079979        0.9897615973304652        0.9938811318875204        0.9399826217831501        0.9723733926890136        1.047381175900195         0.9957606129796812        0.9468322870938795        0.9848135142279819        1.0134483003402721        1.023383578296833         1.019338206569254         0.9723745135942569        1.0002951144918608        0.9117292440597276        1.0271840584131269        0.9798994397582437        0.9560909471072822        0.9771286233238731        0.9998963227964079        1.0518433666292275        0.967952545300952         1.0263266349255356        1.0150749091199123        0.9470853408638396        0.9539317498314659        1.007658487001634         0.9759180742870937        0.9408581834999186       
1.0221071426519661        0.9792026232629407        0.0                       0.9462237587073152        0.7561704887596499        0.8529271804325909        0.988048040622832         0.9033654140282537        0.8748477767675251        0.8834483916066052        0.9374180904447352        0.8571033915852387        0.8537944062684459        0.9136225887881522        0.993732778307412         1.0972876150540336        1.0300916413223429        1.0354338585825507        1.1216704504851283        1.0184801867244386        1.0263786272966857        0.950977537568398         0.9826376722284863        1.081828592351516         0.9746892457135945        1.0979945956369719        0.964536048686801         1.1816138131764484        1.0327958377524977        1.0366130300312701        1.078164593476561         0.9559688669097601        0.9928278064297461        1.0083179880757123        0.9591658994045235        1.0124162014676643        0.9954128700290226        1.0929984370649548        1.0434448448308           1.0092206408930653        1.1281139680752224        1.1279911405635454        0.974577585396899         0.9989091886874046        1.1104967985270566        0.9153797392730124        1.0315897415361828        0.9733981314976973        1.0268779951744493        0.922368671874943         1.0264787772333859        0.9667888336924215        0.9564624799020837        1.0634669534550816        1.0949712574825914        1.0127924063007363        0.9118432707228712        1.0058210648821935        1.0349132372702783        1.0518056820960975        0.8862946879350263        0.9996225665346392        1.0523349547146699        1.0207173461425016        1.0107561587355909        0.9348185867826808        0.9818866253362197        1.0614358577805298        1.0268054436931433        0.8844082913365465        0.9443462255547095        0.9650316101807155        0.9188152399721313        1.0298662464621315        1.0754222007528487        0.8957123919124406        1.0184371590173715        0.9535780586427437        1.0441587155632412        0.9825625649622479        0.8299200993568108        0.8787003299911041        0.9634955888861094        0.9756517974436727        0.8943351405121116        0.8823468354191341        0.8355509419746439        0.9571947294851914        1.0009738060345292        0.7787669478943486        0.9696290333326301        0.9338869036357683        1.0688322970207567        0.8105275503857832        0.8263410342570929        1.1581622452223888        0.893949554234736         0.9463851834922393        1.0246671385013288        1.0005754850184025       
0.8375452412339301        1.12768426337854          0.9462237587073152        0.0                       0.23183236974538324       0.5206707149373485        0.5672102187647492        0.6508210847691889        0.7908862315293752        0.48355633802456766       0.6382912026503367        0.6913920217522549        0.7427146855361391        0.678726122079957         0.7123013993403573        0.5158011901999262        0.8433270715170897        0.9089421963312521        0.8135104397422084        1.0604326826640351        0.8180363333706601        1.0844598559110439        0.9859098618255311        0.8742066309532641        0.9125129935181507        0.9633103481585955        1.0845094426898443        0.8727665549201598        0.7785658965536661        0.9995968656328911        1.1160161464799452        1.2701751071509733        1.1570650957771438        0.9322284962520286        1.0794050037977283        0.9582529732377265        1.272382328288741         0.8367209981268701        1.0123546893455198        0.9576292369583203        1.3290689998844207        1.3123398302213112        1.1230854515175386        1.3259787113172468        0.7646491610001922        1.3801505087711485        1.2734828511825809        1.040710399024376         1.0594321196888383        1.1648942665104391        0.9919074644762158        1.0436882870724258        1.015781667000041         0.8186313238610723        1.044362016458107         1.2023873589002951        1.4288521756038752        1.0634077078070483        1.140754571788115         1.2210996222674715        1.320901812435111         1.0915705329391319        1.0796412817249004        1.2426796571049858        0.9248858626960003        1.236050350008745         1.1934236793251431        0.8461353362910226        1.1247554297931863        1.0658355611272343        0.8765696300560565        1.154419345104145         1.1904877160648806        1.125484688000613         0.7963678682206055        1.1248663915211958        1.1264768615877696        1.1755446321615801        0.9555752013134271        0.8714613627870874        1.273061070188195         1.2931574949376001        1.267380497727123         1.0331092894892402        1.2362919717926282        0.9406707729786876        1.236507994756133         1.0114111894888633        0.8559697175223707        0.9973120189089664        0.9048494290383966        1.1404646597888815        0.7638152445626436        1.1679317412615087        1.1523076846933706        0.49180540191737054       0.978316042468263         1.0251698013340291        0.7241101312968946        0.7731735815893143       
0.6118817044850161        0.9394130408394312        0.7561704887596499        0.23183236974538324       0.0                       0.39476229732354484       0.38344170465743          0.5010911060048593        0.7796564401904282        0.1951488921590212        0.6173250122818044        0.3037117877069394        0.42759057614703955       0.4436980591192131        0.33898276301712793       0.6966763121260673        0.48972311206044705       0.4686158569791876        0.5779105572419465        0.9544055846023305        0.9140065863632888        0.7494243067079699        0.854158609013584         0.47712956448161725       0.5336703204459184        0.9732197672143061        1.0834975432576193        0.5524566430870377        1.0893919389904185        0.635568148887562         0.7888947853809981        0.8931709474358096        0.8195934029096877        0.8893462978958577        1.1776718012100993        1.1560147601687303        1.1440522769132568        1.0891101000685468        0.6600009004413184        1.0095320487685655        1.1829763861774816        1.0908990652228556        1.0758190322926224        1.1107420880747465        0.9620984608249099        1.0414278951950418        1.1717552901923909        1.2374932893787365        0.9104054487676877        1.1651196982550922        0.8867523329240604        1.2137173422977616        1.2337270071678603        1.1067093368611052        0.7063001770485735        1.0625355898986844        1.0519736964520205        1.0849515632252529        0.8741100889825436        1.0597212527692645        0.9437502404101384        1.0619688785518466        0.7727793468784075        0.9610760174663           1.2682315914662212        0.9973041586502096        0.874748540630512         1.055488497314865         0.9244874306421103        1.0980309733696845        1.2471629312487025        1.129069641776801         1.1973834900800047        0.9903030290198162        0.9176863113527004        1.2561459287457235        0.8843723157317297        0.961247198508282         0.8271582171687175        1.1404684052776097        1.2343817357121436        0.9937297378424532        1.1027673218872436        0.9984247108704692        1.1643747023024953        1.3270582333935934        1.0221874843146526        1.0772944477178887        1.1290912667491049        1.1405388117157442        0.9488481480365126        0.9169248224692642        0.8497724501594662        1.0814443816084822        1.2105626178693765        0.7404991705306279        1.09779123149202          0.9767832962135143        0.7251774979398866        1.0974585196846884       
0.9379968569850693        0.863766463226473         0.8529271804325909        0.5206707149373485        0.39476229732354484       0.0                       0.13771104553720281       0.0991745129689302        0.20408028166111603       0.173328596892537         0.06041433062932833       0.3259589964760662        0.13402677797291562       0.3382651366345115        0.43362638397031983       0.41977506312827495       0.40672209668276105       0.4921015271226241        0.2645071232763134        0.349741553709514         0.2412368517172815        0.5244905380713812        0.21052131426662557       0.6151429054321224        0.4306351668772076        0.34942949587478367       0.36471318397862673       0.420153390951175         0.5844553092671076        0.43881476653849594       0.42340121920756046       0.4778787973205676        0.5387802509475035        0.6224032090399242        0.6457762568367947        0.5837226105230919        0.6282698988485282        0.538777464669274         0.7604208848970415        0.6477918909881697        0.6655927817750404        0.6913672992086561        0.6214776698816235        0.5276162917109039        0.7539777784023414        0.8598491998660688        0.7422298909362727        0.6994654475241842        0.873596328396868         0.6598115701332586        0.935775620455674         0.7774415058846291        0.7933547441369533        0.8078960100017735        1.009861716988721         0.7590359775674969        0.9910611799274693        0.8372903227539044        1.1384998021342947        0.7543171683641295        1.1214624958936172        0.9566641967579439        1.1199579421500858        1.0060265792645315        0.7932809232938471        1.1189611857580497        1.1072843281056484        0.9743935865177787        1.1594096525531508        1.1176351999579601        0.9323607864233425        0.9909448594248635        0.9767367842610581        1.0455579337638972        0.9632780919040832        1.0652225280574126        1.2091121672289036        1.1108064635501516        1.1475498965954356        0.9296124216067592        1.082098562146189         1.2215994380413628        1.210219038322875         1.0927674536646461        1.187778830702518         0.932582518641427         1.1949592672282123        1.0925400774470637        1.0441027863489272        1.176216891639171         1.213845358299994         1.3523538591941247        0.9513505130858892        1.3211950642052197        1.0936690892842702        0.9790126162690304        1.3012314974620927        1.2459046764250876        1.2549206922665699        1.0501273941855378       
1.0603954517502594        0.8271914819953204        0.988048040622832         0.5672102187647492        0.38344170465743          0.13771104553720281       0.0                       0.2540776455599537        0.5536135793619941        0.10267303695520924       0.2506450907630726        0.25780411770127987       0.09847026569640449       0.4498265436676405        0.352694557739203         0.27459242191893707       0.4210979336708439        0.24218726091795795       0.15179179233499862       0.5893915474333375        0.34073064649453433       0.24041823217856562       0.3948118851054184        0.43688988096045045       0.19054738728158682       0.3660195071029234        0.5818475898555444        0.21665883908604178       0.9062789899153525        0.17579719264551352       0.4002354266173599        0.40504785315219805       0.47209845184592747       0.9571674816869035        1.090727112926309         0.6931780514034995        0.7837052084890987        0.5881119057377435        0.532029222881664         1.019421098152788         0.6951402821478396        0.5548952560156521        0.9526705018992351        0.7025001672819084        0.5292247904434545        0.7793153690086576        0.812526791846083         0.9451061361117158        0.9953302768925629        0.8612571064951989        1.0669065718898805        1.0415666135280628        1.2043143658755677        0.7038212596813727        0.6430569621909886        0.9654766643896535        0.8921225415211481        1.0586396637880144        1.0185792297379372        0.7151752824392397        0.8668567653423753        1.0516784265456192        0.7602105702535962        0.826479636679707         0.9386120592698661        0.8433519409302119        0.9359211471434403        0.7174959484334174        1.0527903423773803        1.2957734169809558        1.137580751882865         1.2064067782763956        1.2815607727017615        0.8321058693804888        1.186260355965489         1.238257234217148         1.141201866372094         0.8204979032995208        0.8660472320212047        1.3236537129434052        1.2259804092150661        0.9930067999089421        1.0525414301253864        1.2053420764284766        0.9678806729129019        1.1950379802234932        1.062187234942699         1.2972801215458885        0.8615477026369723        1.2615903376569977        1.307662720016363         1.1366985129152716        0.975574810651002         1.3274338178326741        1.2464631480078618        0.9949626456614409        1.3673523618769292        1.267239995964068         0.840692979504168         0.8831984164447049       
1.0729402107954595        0.94069771153362          0.9033654140282537        0.6508210847691889        0.5010911060048593        0.0991745129689302        0.2540776455599537        0.0                       0.12389827142611276       0.21629767101417807       0.10152473504810211       0.27898906716628236       0.20557815932086065       0.23288708422391557       0.31956597036383316       0.551700984037361         0.21960117387324496       0.4275173442723468        0.37260408257193933       0.1719228091465539        0.379068487153033         0.6598848099054492        0.23270792940647722       0.46380644428187745       0.48828876290817147       0.40844951687355935       0.419488244975897         0.4652513842191104        0.7490098562217682        0.47197090384643536       0.4073196407709375        0.37406462396500106       0.5840901058802863        0.490745564271143         0.5363096802081537        0.7766435245159218        0.6625790716295324        0.6136890180047612        0.8431638262088372        0.5366243828901522        0.5316228841761232        0.5929104919064447        0.4670616109564871        0.45151133386984543       0.8934338368261616        0.9855159257505136        0.913238894466634         0.8526196530170335        0.6610168486875951        0.7694998528731868        0.6857091669207088        0.9630129577239077        0.713102935419705         1.0241373023338238        1.0537994846762238        0.7079471629557956        1.0711150486830008        0.8614409955243796        0.8904122430744953        0.821195719766834         1.2196224444325068        0.8919975248001119        1.119792251031678         1.1289068693298525        0.8603977365992321        1.3268572643973304        0.9742428401725699        1.1132686218051855        0.9542438540151231        0.9186114707515467        1.1497338810974258        0.932370137078695         0.9225327957879264        1.2897072769436533        1.0119995893821274        1.0929193385874092        0.9241283022734719        1.360485816337225         1.3522235212754437        0.9577725964615179        1.1567199923516123        1.360250687169013         1.1631843308693202        0.7968163895644296        1.328133111240073         1.008252117667303         1.3554626539404377        0.8293458515740237        1.1592053414202128        1.350435894384043         0.9707970843845702        1.149320354252603         0.8177705139201743        1.2412398187068403        1.3257358122272629        1.1867373489537907        1.2814946665083384        0.9681957804586143        1.2669676514392816        1.1627785129958974       
1.033426634368009         1.0272679066309363        0.8748477767675251        0.7908862315293752        0.7796564401904282        0.20408028166111603       0.5536135793619941        0.12389827142611276       0.0                       0.5307738865889566        0.09938198690747979       0.5658941213337481        0.41645270049251193       0.363471129558097         0.6034207824523379        0.7138347294797043        0.42122926855210263       0.8029517587817536        0.565716515971808         0.11378102852988081       0.3205345231356075        0.9246436849512315        0.16301125521270465       0.7797731340148197        0.79938717558214          0.41456810724480175       0.23067065899247985       0.7450007047233216        0.41101787751582364       0.7839997494866087        0.5024525049395591        0.5212580977027257        0.657102502975955         0.2949588353707271        0.1928912891290986        0.5738243503932166        0.48643865098399874       0.5264226491093242        1.0518815993412924        0.2621026037629077        0.5383041343475837        0.7331356215401803        0.2390601023234813        0.34837659233718576       1.004018805306268         0.9893668229289492        0.7382792651921344        0.5275247564246599        0.6042396590614583        0.5177400452273675        0.6359231604036291        0.6201721870002797        0.34716876369314376       0.9712246767694612        1.3517608566160122        0.5242829881176156        1.1017084053300843        0.6039759017077129        1.0261182486130422        0.7874713216621608        1.357820253902474         0.7887235378571651        1.408051530342148         1.1934285737167487        0.6353069256710815        1.432499002686098         1.179127884594245         1.2127016091776137        1.078669961600764         0.7502181484367538        0.8143775562326507        0.7025412230599728        0.599415264827504         1.3237740796978121        0.7994463840314587        0.8254322672638784        1.0302464788160481        1.4728677293680543        1.4826479590328232        0.5722334378004801        0.9174427212627808        1.452671645346104         1.198039375746017         0.8157263000525181        1.349068723988304         0.6851360036984062        1.3757709494744241        0.7144704672516156        1.1902167534185304        1.129336986036012         0.9170573554408878        1.318063413975485         0.9311392775496368        1.15491192616194          1.0374870459957668        1.1309018580733488        1.1210953900620706        0.9784115582072279        1.6045982643021914        1.1917329212767092       
1.0157049286434177        0.866028605260405         0.8834483916066052        0.48355633802456766       0.1951488921590212        0.173328596892537         0.10267303695520924       0.21629767101417807       0.5307738865889566        0.0                       0.3123150644455206        0.0737204316330139        0.08458546957513657       0.20301168222193677       0.16471562742665002       0.5553951232132491        0.2349000790861745        0.18786033446643957       0.18923504421862536       0.6352384335379833        0.6061235861251197        0.4051673329096416        0.4573276440845413        0.2655896652548403        0.1795573855860615        0.653537428747611         0.7494626241049678        0.17745672122363365       1.0005667478764808        0.25961999906548416       0.3710410027833836        0.4726450976301465        0.4533037818557023        0.7213068954500852        1.0281036793556246        0.9619754536038174        0.8342045704458915        0.9060589961497139        0.41093987382241404       0.868262246461903         0.8833907541956852        0.7701997137062029        0.8555999981572004        0.7438738488619603        0.8555294052120179        0.8168138626429524        0.9230872180620876        1.0990367331531226        0.7758305635146888        0.9413945328839928        0.8229746550511963        1.1169055014223876        1.1810308953146025        1.0521251275335697        0.5482995534134864        0.8497936107603529        0.88396857832677          0.9565877366981898        0.8341515490015666        0.7874160241171653        0.8183345551171044        0.9626356451373003        0.6719461407033156        0.783474204305408         1.2213550852485973        0.9020791741154331        0.7823784354954872        1.0449538128112796        0.8781915847176814        1.123948755990186         1.3084146103196035        1.0458637592849895        1.1405934961066824        0.8947807039289603        0.9441828138091708        1.2535823354848468        0.8801932007805677        0.8832475131928902        0.8107146911558948        1.2060834758855015        1.2001211888806318        0.9593801992208906        1.0486503136204486        1.0257634177852193        1.1317982876230772        1.3899480951795982        1.0175986827324333        1.127430399532196         1.181269724156469         1.250189673462648         1.073920633811866         0.984770886234352         0.8853695366665655        1.1700639875428918        1.2559106639163398        0.8587868697025149        1.2476086919241423        1.0727742910279832        0.8386716637091639        1.1847838719017885       
1.063853328078991         0.9983747241931098        0.9374180904447352        0.6382912026503367        0.6173250122818044        0.06041433062932833       0.2506450907630726        0.10152473504810211       0.09938198690747979       0.3123150644455206        0.0                       0.40958320819683214       0.1928733124147648        0.33980133234688137       0.477201045295201         0.4087753447281056        0.3873675447289886        0.5767060184543473        0.2840517804101217        0.22970989340582482       0.15130240298888165       0.594606755766445         0.10240837017816706       0.6409017604950795        0.503554175496862         0.2557567729936241        0.1932447143954077        0.46785162703547123       0.4030398394680962        0.49023904429981424       0.3712741212253299        0.429050510706816         0.47894952044283656       0.45461803800625544       0.4362293644835542        0.4267036030167174        0.47596430139391765       0.3888968788399265        0.7921813704531693        0.4306711296300343        0.573131233634597         0.6495006887131957        0.4203327353921632        0.4153707362180802        0.6997696225673358        0.8638866786036509        0.6311868355116923        0.5089478903140923        0.6982565713732691        0.49628259203669367       0.7636126663098008        0.6214734373966382        0.5692482016747574        0.713835513024847         1.0733732000954712        0.6040147934287194        1.023639998752647         0.6404364497361026        1.047326302510368         0.6581611210152727        1.1722864796012082        0.8441183748698569        1.1854105715017096        1.0046140400559491        0.6109858025493367        1.1778415479662347        1.1776333833330996        0.9385011984257735        1.1218538391263604        0.9233678962256211        0.7787807600086386        0.8251894248666785        0.7667578241766845        1.0546001274326855        0.8585767616677464        0.8906219687874438        1.1219535789504416        1.184668804541734         1.1994880873766376        0.7467649903608589        0.9716219663212134        1.2913647459534034        1.125512828886628         1.0602470354353732        1.1567127833545288        0.7776189785905512        1.2692654890422472        0.9698586248908674        0.9910450447833198        1.0980267438475835        1.0724151227958547        1.3029583938649876        1.0367291279475361        1.2162429000606099        1.0257098604814814        0.9835816307229234        1.1718394097268856        1.120631282931172         1.3596688806359063        1.0021448320251085       
1.0724476354345682        0.9144874937861284        0.8571033915852387        0.6913920217522549        0.3037117877069394        0.3259589964760662        0.25780411770127987       0.27898906716628236       0.5658941213337481        0.0737204316330139        0.40958320819683214       0.0                       0.12631485062940784       0.10614192226433516       0.04972189756734602       0.7491040641568655        0.11488375979394483       0.12612230735757102       0.2493262342703214        0.6491052498084435        0.7842900348698556        0.46034560276448633       0.4973416597361713        0.1131757218659788        0.171814916674347         0.7980214187806705        0.7970513100436503        0.16309180489472797       1.0773600419725342        0.27422429069561594       0.3348388002046162        0.4312332535802631        0.38592813196215525       0.5606254944809668        0.9815646674047045        1.0965811101694913        0.8294369406896933        1.0502584417054375        0.29742997892041256       0.7418308752238438        0.9406027626989617        0.825036558310716         0.7749975829559852        0.7513038191610781        1.006566777291334         0.8169265154934539        0.9566491718655187        1.176727814823657         0.5258819111151558        0.9743509460324389        0.565680661344452         1.1894916791758199        1.1657639146314314        1.210478215352302         0.4386920336572969        0.7735391045279718        0.86779951159559          0.856572670681184         0.5439829578465032        0.8094105588769704        0.7453506727901874        0.9653356573074494        0.6072326715480695        0.7362518079892557        1.3404970366872966        0.9192887011054204        0.7629655967630611        1.190167336025497         0.7893461462883385        0.9557786744741471        1.4311614837984583        0.9486016315675891        0.9990683991888075        0.9226740152732729        0.8684341740995136        1.2558887014921296        0.6189325497044615        0.9044945400334422        0.7872908976264033        1.1761772348339061        1.1974801455981845        0.9393915728751848        0.9703151181137166        1.0198827927193064        1.1760026500508307        1.532970150523048         1.0551218676754457        1.080144162874703         1.3315210076229773        1.2991052495386186        0.8445231477420148        0.7405798073287304        1.072907683414227         1.0371433592032389        1.304436241233355         0.898209592530137         1.1705015570813733        0.8146230999120744        0.8849327362330601        1.3422843854906383       
1.0797540783979924        0.9164436377963903        0.8537944062684459        0.7427146855361391        0.42759057614703955       0.13402677797291562       0.09847026569640449       0.20557815932086065       0.41645270049251193       0.08458546957513657       0.1928733124147648        0.12631485062940784       0.0                       0.25411310303078494       0.2367049595234738        0.528323144322378         0.2481243309604746        0.19765416902245214       0.07765800343856288       0.4848923776491093        0.38870642092213015       0.24092063984582823       0.22397836557080453       0.32275417115022187       0.11039637198955277       0.4319731144806437        0.4515727074242716        0.12978922249838198       0.8190348863314402        0.15478599449591524       0.19659542938057584       0.2723090095435614        0.24553670904938585       0.6514443146714706        0.8588725343259482        0.6965774641272697        0.5459116015542294        0.7336911763360463        0.3479622101034727        0.7472156643635498        0.683531279043087         0.5950201776834023        0.6868245774333768        0.4900338197878703        0.7769017713898737        0.5723097121112934        0.6188136836147853        0.8321054066193583        0.7416532370683745        0.6523754038948275        0.8396646014939136        0.8758730138432503        1.0411628807187405        0.9081520980824317        0.5558736976985972        0.6608070024185193        0.6851595541295299        0.7830750806134699        0.8787990811037231        0.5566814957337218        0.695427101084242         0.8765757082676906        0.6991224336514127        0.6359488786738114        1.0560220701999068        0.7647094439735866        0.8226251125255448        0.9892077827913923        0.9302094496362726        1.1005279371146552        1.1416063789610518        0.9244746910904174        0.9762020358039789        0.7422869633818414        0.952983168167429         1.095537747850671         0.9617306217742712        0.7576011596818425        0.7955959536470221        1.132329277144848         1.0022587551839615        0.856784019383441         0.9481327107751941        1.1430663660547684        0.9735725664502526        1.2617878608721893        0.9202492097014255        1.1876677542621745        1.1363537756177136        1.1448717321350799        1.1940072094612175        1.06457480008478          1.0624195639004068        1.1354270671545932        1.0610514792115886        0.9698148697984005        1.2472797208993784        1.177159080480336         1.0318860257976346        1.1781967879697983       
1.1856743571086013        0.8911041841044779        0.9136225887881522        0.678726122079957         0.4436980591192131        0.3382651366345115        0.4498265436676405        0.23288708422391557       0.363471129558097         0.20301168222193677       0.33980133234688137       0.10614192226433516       0.25411310303078494       0.0                       0.16557479565646593       0.9127909372749438        0.14886699548567361       0.38942047081206566       0.3707986911632082        0.5443086668372615        0.7949768900440215        0.7933028206022286        0.4326017003191741        0.2733078580527357        0.4112407188666356        0.8955728626994055        0.7177176882581708        0.31913928553550774       0.8148481234055043        0.5567425084480013        0.3862142089119992        0.5938755369062361        0.4891349030429534        0.24746150287602509       0.6391929378265586        1.0651980592395995        0.7645192393812096        1.0575036015535741        0.46325108807078463       0.41937112189240255       1.0227573389487006        1.0361027792686828        0.5274147172363919        0.6969662013092961        1.2042884155466966        0.9943736236151398        0.9664679945096768        1.0162600514993572        0.3681770924399357        0.8727817708836976        0.39793640595803703       0.9957933114126681        0.8244449981590015        1.3200060705868302        0.6971274484021242        0.6174593223755576        1.0572301459616564        0.6411549168573586        0.6067876271839271        0.8837550331996166        0.9971175352631777        0.8605979270787538        0.867818482946162         0.887730388060643         1.2501354728877367        1.180311657351323         0.9001816032376591        1.4121900071003664        0.8291696595996886        0.7554121435622935        1.2657935487359075        0.7282589494267806        0.731838164557853         1.1091563489771314        0.5698515880571225        1.1068187613521943        0.6131727258750388        1.1725287582235782        0.960828858861134         0.7972492805571774        1.11631603532374          1.17108224096485          1.1047156106448486        0.8877851830937138        1.4026544069410134        1.3342892000157829        1.2070613409416326        0.8609474011408562        1.4916182912776412        1.2186650553220846        0.66787467613904          0.8793655340601132        1.0065675276368362        1.0074509691991052        1.2168051892593683        0.7467494424033063        1.0438544428193268        0.7262573893389586        1.1469975723454648        1.4711634067409354       
0.9479179270848793        1.0262994741347784        0.993732778307412         0.7123013993403573        0.33898276301712793       0.43362638397031983       0.352694557739203         0.31956597036383316       0.6034207824523379        0.16471562742665002       0.477201045295201         0.04972189756734602       0.2367049595234738        0.16557479565646593       0.0                       0.7300056538361157        0.055280753936978844      0.10891008037807559       0.34239377682377026       0.6102132465133104        0.8403201274305383        0.5363926190728565        0.5624669732648724        0.035520170174719534      0.25101825335189165       0.7820828887963556        0.823255783490684         0.2314393741453754        1.1300353955337197        0.3067951228416208        0.3807471874429261        0.4188979363481703        0.4290860262988766        0.5539497749475266        0.9705352487009232        1.125671617361726         0.8620889246454233        0.997057403832668         0.3595302872518372        0.7024151754436798        0.8611884771873807        0.7506548375343772        0.7344963684356036        0.7776924137659984        0.9513691893883226        0.8935920295644617        1.0222982018239095        1.2110192620373301        0.40477449103222196       1.025679301934699         0.41388428686093914       1.2685850897540698        1.1267381892775918        1.18409086600956          0.4420757462831022        0.7732677680312057        0.9283800656432871        0.8521788564244972        0.35078607656920513       0.8244526757071838        0.7927119454644327        0.9452895072891924        0.587682775659272         0.7928165147609716        1.274227714995919         0.9967164529027479        0.7569504335517445        1.1206676991573548        0.6879644720907943        0.825844520195582         1.4611684914621277        0.9354007304848988        0.9640493694905515        0.9925188390710833        0.9192096176818811        1.2256325547025118        0.4426488088473194        0.9978762725983923        0.8504432505062675        1.1878384486017113        1.230679582385903         0.999369463404276         0.8706225927852715        0.9351381015688722        1.157568605319435         1.5233601973205535        1.160559862373402         0.96949550002237          1.25339364609293          1.3560285982207776        0.6729197162106957        0.5544018693060995        1.1015549945286722        0.9517307195022844        1.4072257660541676        0.9897502912830475        1.0955920898972815        0.6158267774619297        0.830932313411937         1.2671295238201066       
