1.000000 0.241260 0.193014 0.174968 0.170414 0.201713 0.144170 0.134234 0.143871 0.092088 0.111395 0.130513 0.096458 0.097651 0.095002 0.109023 0.107404 0.098712 0.078508 0.075584 0.079408 0.075520 0.085731 0.072584 0.074659 0.074009 0.069040 0.070791 0.066331 0.057011 0.062584 0.059896 0.066550 0.061854 0.038367 0.060403 0.059909 0.051869 0.052808 0.048701 0.052563 0.050177 0.056269 0.050688 0.038221 0.038988 0.049243 0.049804 0.033137 0.018254 0.043026 0.045997 0.045191 0.049915 0.048103 0.039181 0.038167 0.039727 0.040331 0.046116 0.043162 0.034899 0.038075 0.038638 0.032266 0.035575 0.036459 0.034972 0.034343 0.037235 0.033305 0.037620 0.032620 0.031106 0.032377 0.023988 0.026830 0.032693 0.027929 0.030860 0.031055 0.031438 0.029167 0.022828 0.027916 0.031875 0.028195 0.027319 0.030774 0.026981 0.028417 0.023861 0.026103 0.027356 0.026305 0.018724 0.024073 0.026110 0.026917 0.021049 
0.241260 1.000000 0.157027 0.168976 0.180765 0.171818 0.145557 0.135928 0.133890 0.085484 0.109777 0.119920 0.093172 0.094895 0.102284 0.112533 0.097105 0.098199 0.084272 0.080215 0.085648 0.080735 0.087916 0.078987 0.076635 0.074689 0.073248 0.077980 0.064105 0.054128 0.065272 0.064726 0.074802 0.063934 0.038682 0.078059 0.068456 0.052252 0.061522 0.057196 0.056434 0.053499 0.068141 0.053642 0.039204 0.044739 0.058152 0.049387 0.036920 0.023642 0.046396 0.053144 0.052134 0.059889 0.048149 0.043796 0.041734 0.041483 0.041992 0.048363 0.050205 0.035042 0.046230 0.049849 0.034142 0.036779 0.041255 0.037753 0.036079 0.039424 0.035941 0.038449 0.034387 0.036505 0.035176 0.023825 0.027395 0.036486 0.037344 0.036839 0.035473 0.034511 0.032291 0.025581 0.032482 0.036828 0.031057 0.028348 0.036848 0.034260 0.036482 0.027753 0.032988 0.031433 0.032927 0.020303 0.029276 0.032379 0.028121 0.024820 
0.193014 0.157027 1.000000 0.156485 0.168732 0.161043 0.140875 0.142318 0.139054 0.100657 0.118343 0.118101 0.116700 0.148627 0.105591 0.109277 0.096060 0.102735 0.087449 0.095104 0.084418 0.085981 0.098167 0.084060 0.098388 0.102454 0.078491 0.081223 0.071578 0.065552 0.071155 0.081849 0.076396 0.072210 0.048977 0.066595 0.063559 0.062071 0.065064 0.062219 0.061664 0.052735 0.062272 0.060382 0.048770 0.046279 0.057247 0.056571 0.040496 0.018435 0.046962 0.047843 0.052597 0.060681 0.058354 0.048484 0.047279 0.053710 0.042963 0.049485 0.044464 0.044286 0.041676 0.042819 0.047950 0.047181 0.046106 0.044819 0.039294 0.040444 0.038820 0.044820 0.037571 0.038716 0.037656 0.034623 0.047795 0.035829 0.036353 0.040625 0.040481 0.041130 0.034301 0.026072 0.034345 0.042010 0.039082 0.035846 0.035497 0.032042 0.031087 0.027861 0.031504 0.034224 0.035333 0.024793 0.031483 0.030398 0.030035 0.029886 
0.174968 0.168976 0.156485 1.000000 0.152017 0.167631 0.136901 0.122615 0.121882 0.096250 0.110825 0.115944 0.100537 0.096932 0.102835 0.117086 0.101912 0.098745 0.094595 0.081245 0.079727 0.085566 0.081764 0.076546 0.078897 0.077136 0.074604 0.076324 0.068569 0.062325 0.068721 0.062528 0.074207 0.068641 0.045623 0.063769 0.065404 0.054227 0.060794 0.057624 0.062332 0.057133 0.063215 0.057879 0.042693 0.045269 0.054245 0.056293 0.043618 0.031853 0.048643 0.051522 0.061728 0.056647 0.052343 0.046947 0.041915 0.044334 0.044495 0.050848 0.046643 0.039132 0.040658 0.042394 0.040874 0.040277 0.041351 0.040888 0.036103 0.041318 0.039116 0.041170 0.035356 0.037671 0.039283 0.027441 0.033830 0.037826 0.033369 0.035400 0.034295 0.037221 0.033835 0.029758 0.033111 0.038232 0.032297 0.029832 0.033054 0.029088 0.034654 0.028687 0.030502 0.032878 0.032585 0.023673 0.030356 0.032065 0.029076 0.028282 
0.170414 0.180765 0.168732 0.152017 1.000000 0.173729 0.157145 0.148617 0.134195 0.104121 0.133442 0.129427 0.105898 0.116324 0.124572 0.125573 0.110584 0.107743 0.090274 0.088362 0.090845 0.077700 0.091124 0.086986 0.087654 0.086872 0.077012 0.089498 0.072433 0.060914 0.072621 0.067233 0.077881 0.077733 0.049433 0.074613 0.069914 0.062855 0.060149 0.060593 0.058763 0.057072 0.059800 0.060801 0.045068 0.050858 0.056991 0.058419 0.040359 0.022366 0.059283 0.050495 0.048089 0.059274 0.059010 0.049473 0.049607 0.045344 0.049092 0.052970 0.047358 0.040585 0.044088 0.047587 0.041489 0.044289 0.047571 0.044238 0.043548 0.041853 0.042483 0.045676 0.040403 0.038566 0.040366 0.029788 0.036486 0.033742 0.034583 0.039976 0.040208 0.041498 0.036874 0.029756 0.034505 0.045198 0.034107 0.033239 0.033124 0.029267 0.036431 0.027104 0.037515 0.040981 0.032995 0.025442 0.028851 0.030439 0.029123 0.025920 
0.201713 0.171818 0.161043 0.167631 0.173729 1.000000 0.145596 0.139018 0.132011 0.100516 0.127674 0.132154 0.108078 0.110889 0.110065 0.122489 0.111578 0.112415 0.098885 0.090606 0.099475 0.092322 0.099695 0.087808 0.089770 0.085904 0.085060 0.090580 0.072519 0.059099 0.072977 0.069836 0.089404 0.076030 0.045221 0.073164 0.079268 0.064541 0.069518 0.063782 0.067497 0.060055 0.073145 0.060110 0.041046 0.051435 0.065997 0.060964 0.039929 0.021056 0.056392 0.060371 0.056176 0.062876 0.058994 0.052145 0.049940 0.049138 0.055861 0.056405 0.053922 0.042293 0.045439 0.049864 0.038831 0.043827 0.049983 0.045398 0.045357 0.049343 0.044818 0.046607 0.039899 0.044071 0.041633 0.028732 0.035292 0.041097 0.039538 0.042760 0.041466 0.042217 0.045187 0.031264 0.042316 0.045025 0.035983 0.033833 0.038913 0.033506 0.039015 0.033781 0.035985 0.037360 0.039832 0.024649 0.032427 0.035294 0.033964 0.031567 
0.144170 0.145557 0.140875 0.136901 0.157145 0.145596 1.000000 0.136858 0.132617 0.105053 0.125019 0.134323 0.116381 0.122664 0.116773 0.125232 0.117101 0.115378 0.112763 0.100150 0.114224 0.095615 0.104087 0.092702 0.105215 0.101507 0.097705 0.102116 0.085566 0.076246 0.082511 0.087095 0.092190 0.090152 0.058914 0.091765 0.090241 0.071313 0.081551 0.079308 0.075927 0.072250 0.088725 0.081012 0.053562 0.061487 0.078578 0.075262 0.048971 0.027563 0.069410 0.071667 0.069624 0.074174 0.077811 0.065319 0.060014 0.059183 0.064052 0.072919 0.067511 0.057794 0.057904 0.066879 0.056813 0.054461 0.063018 0.059430 0.057358 0.061084 0.052152 0.064141 0.053566 0.055425 0.050237 0.039567 0.047608 0.053639 0.046806 0.055549 0.054555 0.055452 0.054573 0.039877 0.053929 0.057944 0.048474 0.045176 0.047380 0.045277 0.050643 0.039191 0.047419 0.044494 0.052685 0.031905 0.045112 0.043827 0.041209 0.039367 
0.134234 0.135928 0.142318 0.122615 0.148617 0.139018 0.136858 1.000000 0.162978 0.120538 0.144497 0.120705 0.161655 0.127175 0.131736 0.116785 0.111278 0.114562 0.095686 0.112755 0.123663 0.108602 0.106950 0.115437 0.137534 0.101861 0.112616 0.110398 0.090965 0.080151 0.096189 0.096423 0.103036 0.092255 0.066174 0.102767 0.089086 0.081093 0.074737 0.077386 0.082572 0.079253 0.084240 0.090304 0.069308 0.095545 0.078674 0.074721 0.053716 0.038188 0.075408 0.065673 0.069934 0.075200 0.066911 0.067081 0.080080 0.073178 0.060489 0.066771 0.071532 0.066227 0.066284 0.063758 0.049272 0.077288 0.066780 0.068979 0.051973 0.056622 0.053963 0.068988 0.058337 0.061307 0.074408 0.047682 0.054744 0.055263 0.058114 0.059175 0.050185 0.063415 0.048477 0.045266 0.050456 0.055506 0.054415 0.056464 0.061125 0.042486 0.045428 0.040724 0.048346 0.056844 0.051426 0.035865 0.044162 0.046159 0.046241 0.044920 
0.143871 0.133890 0.139054 0.121882 0.134195 0.132011 0.132617 0.162978 1.000000 0.150992 0.134651 0.121978 0.154437 0.133762 0.122684 0.114046 0.105129 0.116987 0.099724 0.107676 0.120558 0.110114 0.104266 0.113412 0.121094 0.116438 0.113983 0.100774 0.125505 0.105399 0.094387 0.109953 0.103563 0.109200 0.067348 0.096578 0.083917 0.082919 0.077483 0.076652 0.083640 0.072656 0.095467 0.081538 0.081180 0.081996 0.072016 0.086276 0.062435 0.026726 0.068807 0.062726 0.072646 0.079317 0.066390 0.068977 0.079654 0.078503 0.069140 0.068382 0.067249 0.071369 0.064356 0.069325 0.060238 0.072399 0.065772 0.075800 0.054700 0.060136 0.053421 0.068380 0.063880 0.058859 0.058457 0.045916 0.053621 0.052609 0.057567 0.059391 0.055922 0.061215 0.048141 0.039075 0.047349 0.061611 0.057502 0.055436 0.056968 0.049294 0.046086 0.047293 0.052412 0.049698 0.053570 0.038402 0.044689 0.046758 0.045967 0.047145 
0.092088 0.085484 0.100657 0.096250 0.104121 0.100516 0.105053 0.120538 0.150992 1.000000 0.152610 0.109933 0.144269 0.115244 0.119319 0.107597 0.095841 0.099334 0.133297 0.104028 0.110607 0.091557 0.095403 0.121440 0.127478 0.103294 0.129132 0.100567 0.189100 0.105448 0.101710 0.112908 0.108201 0.138748 0.105723 0.104386 0.086252 0.094495 0.078457 0.079361 0.088168 0.089356 0.096855 0.087031 0.084305 0.095737 0.076031 0.118954 0.084902 0.037566 0.083981 0.077994 0.081662 0.089816 0.087433 0.075369 0.081178 0.081776 0.075515 0.084325 0.074024 0.092944 0.077987 0.079043 0.088195 0.097821 0.078835 0.088504 0.078839 0.063647 0.068394 0.081669 0.079029 0.078569 0.071915 0.065588 0.070226 0.063300 0.060098 0.060880 0.068535 0.067773 0.060265 0.052783 0.074444 0.080637 0.062957 0.073398 0.061868 0.054708 0.060742 0.058133 0.057621 0.071651 0.059162 0.063402 0.054301 0.057597 0.058836 0.058403 
0.111395 0.109777 0.118343 0.110825 0.133442 0.127674 0.125019 0.144497 0.134651 0.152610 1.000000 0.125800 0.153470 0.117033 0.119675 0.114227 0.111696 0.134296 0.114697 0.105098 0.109184 0.094484 0.105251 0.112219 0.124854 0.101376 0.109138 0.104473 0.117041 0.081487 0.093227 0.096798 0.099811 0.116317 0.080329 0.102227 0.081591 0.096597 0.077406 0.073944 0.093026 0.083759 0.085866 0.084451 0.063799 0.091911 0.078866 0.099224 0.073937 0.039997 0.079196 0.072677 0.070263 0.090157 0.077650 0.068485 0.078053 0.074686 0.080006 0.083629 0.070474 0.062282 0.071733 0.065425 0.066776 0.066455 0.074217 0.069925 0.074600 0.066878 0.059271 0.073059 0.072013 0.065705 0.063025 0.048651 0.050723 0.057860 0.048540 0.057720 0.055658 0.060491 0.054037 0.050658 0.058824 0.080806 0.059290 0.062525 0.055231 0.042035 0.058848 0.046798 0.056374 0.068004 0.052963 0.043452 0.046290 0.051614 0.046353 0.047108 
0.130513 0.119920 0.118101 0.115944 0.129427 0.132154 0.134323 0.120705 0.121978 0.109933 0.125800 1.000000 0.117411 0.112408 0.116170 0.122502 0.121593 0.116946 0.114486 0.104204 0.104665 0.099488 0.111659 0.095007 0.100382 0.099192 0.099128 0.098474 0.084428 0.084130 0.078975 0.087132 0.104778 0.089345 0.065626 0.092573 0.084889 0.078723 0.087211 0.083381 0.082578 0.075292 0.087996 0.078920 0.058083 0.064706 0.086372 0.084316 0.054949 0.028546 0.075703 0.078978 0.080471 0.087508 0.080043 0.068914 0.062915 0.066478 0.070133 0.082411 0.072526 0.060399 0.062956 0.065530 0.059216 0.062868 0.068780 0.066681 0.059792 0.067160 0.065119 0.065628 0.057510 0.061930 0.061369 0.045876 0.053134 0.055394 0.054098 0.058462 0.059308 0.061303 0.062067 0.044080 0.055793 0.067051 0.052006 0.047778 0.055898 0.051286 0.056143 0.043086 0.048480 0.051950 0.055547 0.037441 0.044048 0.052442 0.047959 0.041787 
0.096458 0.093172 0.116700 0.100537 0.105898 0.108078 0.116381 0.161655 0.154437 0.144269 0.153470 0.117411 1.000000 0.141375 0.128366 0.111261 0.099372 0.104247 0.104455 0.123561 0.131744 0.097857 0.097186 0.110231 0.142014 0.124778 0.140108 0.108041 0.116851 0.117388 0.097930 0.128415 0.110981 0.111162 0.095203 0.110892 0.089197 0.090227 0.086922 0.087746 0.083412 0.083333 0.115788 0.102830 0.094946 0.103499 0.085159 0.099615 0.071746 0.031590 0.084919 0.079784 0.082996 0.101444 0.092235 0.088332 0.093503 0.100480 0.078623 0.081990 0.073162 0.094257 0.070833 0.078021 0.080917 0.107586 0.082240 0.094920 0.069357 0.068473 0.067712 0.089119 0.078766 0.079560 0.076512 0.073138 0.079691 0.066832 0.065440 0.076997 0.076306 0.081930 0.058219 0.051969 0.064581 0.083534 0.081410 0.078260 0.066864 0.057290 0.060474 0.059628 0.063086 0.069553 0.068336 0.055439 0.058369 0.057023 0.059674 0.059901 
0.097651 0.094895 0.148627 0.096932 0.116324 0.110889 0.122664 0.127175 0.133762 0.115244 0.117033 0.112408 0.141375 1.000000 0.113311 0.105498 0.109240 0.115550 0.096108 0.237756 0.112514 0.101156 0.097053 0.096524 0.141526 0.119902 0.108382 0.105735 0.092957 0.098223 0.089625 0.171437 0.100988 0.090848 0.072373 0.094999 0.080804 0.087806 0.079712 0.086040 0.089232 0.070990 0.091316 0.097812 0.078956 0.085066 0.081138 0.071339 0.061041 0.030604 0.072952 0.070112 0.072505 0.084875 0.079824 0.073060 0.083320 0.110847 0.064225 0.069743 0.063234 0.073460 0.062700 0.074211 0.069196 0.077995 0.065814 0.070951 0.053284 0.060165 0.056929 0.074214 0.068318 0.068195 0.065176 0.051176 0.068738 0.059148 0.059136 0.071511 0.071165 0.102243 0.052759 0.044712 0.053143 0.067668 0.107838 0.082686 0.053462 0.054127 0.049060 0.045891 0.056555 0.055423 0.058149 0.039855 0.050800 0.049864 0.046315 0.047100 
0.095002 0.102284 0.105591 0.102835 0.124572 0.110065 0.116773 0.131736 0.122684 0.119319 0.119675 0.116170 0.128366 0.113311 1.000000 0.113399 0.107572 0.113973 0.101751 0.101388 0.110240 0.100714 0.108397 0.103473 0.118038 0.107530 0.106221 0.111894 0.100007 0.104206 0.097890 0.090903 0.096752 0.097812 0.079061 0.100812 0.092696 0.079699 0.086773 0.085989 0.089534 0.085893 0.098659 0.085963 0.075546 0.084762 0.082541 0.086114 0.070522 0.038774 0.081692 0.073353 0.081221 0.085583 0.078679 0.069741 0.074595 0.074906 0.070011 0.083241 0.075222 0.081925 0.075026 0.069580 0.066114 0.075307 0.075101 0.084383 0.057476 0.065171 0.069971 0.075122 0.065656 0.069624 0.064493 0.049954 0.064739 0.062506 0.058740 0.059822 0.055715 0.071101 0.056666 0.050306 0.054347 0.064430 0.065764 0.059835 0.059916 0.052776 0.056846 0.049223 0.102107 0.069170 0.060341 0.040421 0.058660 0.053826 0.057164 0.048238 
0.109023 0.112533 0.109277 0.117086 0.125573 0.122489 0.125232 0.116785 0.114046 0.107597 0.114227 0.122502 0.111261 0.105498 0.113399 1.000000 0.111743 0.115144 0.110871 0.097201 0.102908 0.094069 0.109085 0.094137 0.098535 0.097946 0.097496 0.101811 0.085638 0.078014 0.095776 0.082272 0.094858 0.093979 0.065758 0.098315 0.096600 0.073625 0.091219 0.088360 0.083277 0.082758 0.090577 0.084044 0.056711 0.066481 0.087217 0.082211 0.064914 0.034235 0.069852 0.077809 0.081387 0.088316 0.083642 0.068070 0.069064 0.067284 0.068725 0.075589 0.070811 0.059479 0.065882 0.067231 0.064276 0.066357 0.069941 0.064976 0.060592 0.063145 0.064742 0.071104 0.057332 0.064610 0.060194 0.045573 0.056383 0.061345 0.053811 0.059967 0.056005 0.060139 0.060939 0.049907 0.055470 0.071535 0.049749 0.052885 0.062047 0.046972 0.057175 0.044565 0.051649 0.059818 0.059079 0.036586 0.053416 0.049357 0.047154 0.043165 
0.107404 0.097105 0.096060 0.101912 0.110584 0.111578 0.117101 0.111278 0.105129 0.095841 0.111696 0.121593 0.099372 0.109240 0.107572 0.111743 1.000000 0.106773 0.099564 0.108003 0.108949 0.092878 0.103563 0.086043 0.090123 0.097735 0.097219 0.087075 0.086881 0.080540 0.082496 0.081982 0.091485 0.089934 0.064716 0.102592 0.089110 0.070628 0.086983 0.086044 0.084933 0.085292 0.090017 0.079734 0.054072 0.062390 0.075730 0.086833 0.061292 0.037548 0.077001 0.077653 0.071638 0.089336 0.080944 0.069851 0.059554 0.064213 0.078241 0.090450 0.072830 0.055438 0.062185 0.068106 0.056055 0.064237 0.073254 0.061648 0.073290 0.073832 0.067258 0.062686 0.059016 0.074876 0.064815 0.043154 0.052973 0.057968 0.051232 0.061781 0.059560 0.067579 0.074067 0.052367 0.057724 0.066572 0.051047 0.049220 0.056713 0.043845 0.060755 0.045797 0.046404 0.056787 0.052500 0.041241 0.044310 0.052502 0.048726 0.044220 
0.098712 0.098199 0.102735 0.098745 0.107743 0.112415 0.115378 0.114562 0.116987 0.099334 0.134296 0.116946 0.104247 0.115550 0.113973 0.115144 0.106773 1.000000 0.099072 0.105941 0.100712 0.093609 0.107353 0.097276 0.102023 0.103367 0.090683 0.094334 0.085778 0.080092 0.087858 0.084939 0.102147 0.086588 0.063429 0.089291 0.088924 0.081422 0.079391 0.077361 0.087291 0.074555 0.086049 0.082239 0.057901 0.065846 0.075007 0.085940 0.063156 0.038850 0.081885 0.082951 0.076551 0.087841 0.079641 0.069014 0.066940 0.061337 0.079022 0.072710 0.071990 0.059185 0.072647 0.069674 0.054785 0.062558 0.068865 0.064730 0.061919 0.070221 0.062469 0.065574 0.063850 0.064325 0.066423 0.042258 0.046010 0.063145 0.051546 0.057988 0.059485 0.061785 0.055835 0.043760 0.055226 0.079831 0.052253 0.053515 0.059616 0.053197 0.055815 0.048206 0.048340 0.056127 0.060740 0.037828 0.047823 0.054553 0.052263 0.046354 
0.078508 0.084272 0.087449 0.094595 0.090274 0.098885 0.112763 0.095686 0.099724 0.133297 0.114697 0.114486 0.104455 0.096108 0.101751 0.110871 0.099564 0.099072 1.000000 0.090909 0.104339 0.078112 0.098861 0.090187 0.098896 0.091847 0.100482 0.093328 0.098412 0.085784 0.091757 0.085442 0.092372 0.103149 0.080127 0.097199 0.094290 0.078588 0.091439 0.076890 0.077428 0.073251 0.090053 0.074565 0.066392 0.073105 0.083124 0.086338 0.077431 0.040969 0.087438 0.083286 0.074648 0.091620 0.084360 0.070172 0.072390 0.063739 0.081381 0.098007 0.068679 0.062763 0.073908 0.071262 0.079875 0.069169 0.069208 0.065350 0.065051 0.067528 0.065031 0.077908 0.060548 0.076940 0.061127 0.047206 0.050016 0.065194 0.063266 0.067505 0.065859 0.061035 0.077272 0.064153 0.069088 0.076565 0.055010 0.051720 0.059393 0.049738 0.063811 0.048835 0.054245 0.069554 0.056671 0.043867 0.049470 0.055262 0.056995 0.047182 
0.075584 0.080215 0.095104 0.081245 0.088362 0.090606 0.100150 0.112755 0.107676 0.104028 0.105098 0.104204 0.123561 0.237756 0.101388 0.097201 0.108003 0.105941 0.090909 1.000000 0.098698 0.097782 0.094679 0.096566 0.121857 0.124963 0.098767 0.093020 0.091241 0.100603 0.096029 0.122985 0.100887 0.091623 0.073991 0.090481 0.089267 0.077305 0.080810 0.085444 0.088349 0.085288 0.088608 0.079416 0.075897 0.077193 0.080169 0.083769 0.059239 0.046460 0.080133 0.074450 0.077994 0.081081 0.079237 0.072569 0.074524 0.098351 0.076691 0.073375 0.075939 0.072139 0.066792 0.075345 0.065259 0.075167 0.068679 0.075982 0.065697 0.064990 0.057938 0.068668 0.079258 0.071664 0.070744 0.059137 0.067461 0.066350 0.060240 0.065556 0.066556 0.089432 0.058830 0.049841 0.057892 0.070596 0.092696 0.085789 0.061036 0.054293 0.057935 0.050152 0.049547 0.057429 0.065182 0.042579 0.052192 0.057716 0.058130 0.055700 
0.079408 0.085648 0.084418 0.079727 0.090845 0.099475 0.114224 0.123663 0.120558 0.110607 0.109184 0.104665 0.131744 0.112514 0.110240 0.102908 0.108949 0.100712 0.104339 0.098698 1.000000 0.093643 0.106437 0.098058 0.126408 0.104103 0.126128 0.107720 0.101886 0.098094 0.090917 0.101230 0.106240 0.098252 0.091856 0.123171 0.110379 0.091990 0.092496 0.089782 0.082245 0.086001 0.107303 0.103813 0.094922 0.099367 0.099990 0.094268 0.079877 0.037273 0.134670 0.083699 0.082016 0.100076 0.090393 0.089415 0.093827 0.086414 0.098725 0.096865 0.086647 0.085949 0.078985 0.093134 0.074235 0.104062 0.091553 0.091819 0.068740 0.074496 0.064244 0.089508 0.072301 0.100840 0.084748 0.065639 0.078643 0.083398 0.083176 0.079832 0.080071 0.089519 0.069113 0.057246 0.070290 0.080783 0.079005 0.073045 0.077201 0.065260 0.069384 0.056753 0.070015 0.074908 0.072568 0.058824 0.063000 0.059865 0.062324 0.062661 
0.075520 0.080735 0.085981 0.085566 0.077700 0.092322 0.095615 0.108602 0.110114 0.091557 0.094484 0.099488 0.097857 0.101156 0.100714 0.094069 0.092878 0.093609 0.078112 0.097782 0.093643 1.000000 0.089815 0.084212 0.114133 0.099187 0.093612 0.080054 0.083319 0.120735 0.094705 0.083711 0.091702 0.085209 0.067140 0.088617 0.082423 0.073952 0.092899 0.081636 0.111515 0.073949 0.104634 0.088893 0.094460 0.093621 0.073013 0.078898 0.059396 0.039947 0.066776 0.084474 0.092259 0.074358 0.077489 0.068986 0.066565 0.077278 0.066722 0.064523 0.069109 0.068643 0.060474 0.078030 0.061672 0.073454 0.067727 0.080960 0.052275 0.062539 0.054489 0.071682 0.065488 0.067797 0.091272 0.052916 0.065973 0.064625 0.064240 0.062137 0.068516 0.065686 0.053573 0.046826 0.060173 0.065780 0.058725 0.052825 0.066524 0.068926 0.057188 0.046334 0.051791 0.055744 0.051358 0.040402 0.071273 0.060234 0.053302 0.052761 
0.085731 0.087916 0.098167 0.081764 0.091124 0.099695 0.104087 0.106950 0.104266 0.095403 0.105251 0.111659 0.097186 0.097053 0.108397 0.109085 0.103563 0.107353 0.098861 0.094679 0.106437 0.089815 1.000000 0.090706 0.094461 0.099183 0.097742 0.090317 0.091371 0.082736 0.091029 0.090156 0.096231 0.086608 0.069364 0.092119 0.099753 0.075224 0.086782 0.086595 0.083864 0.081879 0.091855 0.088489 0.066721 0.073903 0.084853 0.078850 0.062220 0.036063 0.084550 0.076746 0.086290 0.091720 0.085802 0.076146 0.070267 0.067072 0.073391 0.083647 0.081570 0.065271 0.073876 0.073961 0.067535 0.067559 0.076086 0.071294 0.067970 0.076171 0.074430 0.075931 0.064151 0.078780 0.071628 0.051778 0.058284 0.065769 0.062701 0.067639 0.062412 0.068718 0.069609 0.047194 0.066704 0.075226 0.056832 0.058914 0.064672 0.052887 0.060513 0.052775 0.054270 0.063718 0.062521 0.042125 0.058626 0.051879 0.058215 0.051135 
0.072584 0.078987 0.084060 0.076546 0.086986 0.087808 0.092702 0.115437 0.113412 0.121440 0.112219 0.095007 0.110231 0.096524 0.103473 0.094137 0.086043 0.097276 0.090187 0.096566 0.098058 0.084212 0.090706 1.000000 0.104146 0.114609 0.098270 0.094380 0.104269 0.079781 0.099223 0.096534 0.102681 0.120871 0.069638 0.091474 0.090601 0.256852 0.069302 0.074840 0.076344 0.087211 0.083016 0.081327 0.063553 0.076841 0.084845 0.080374 0.070100 0.037016 0.075003 0.071550 0.075785 0.083127 0.074606 0.069155 0.076736 0.077936 0.068584 0.069164 0.087938 0.060939 0.080703 0.069365 0.061829 0.064509 0.071619 0.076498 0.056836 0.061611 0.061878 0.072654 0.083922 0.064561 0.075356 0.046894 0.059374 0.069974 0.055160 0.060020 0.056681 0.064151 0.055315 0.048359 0.069055 0.077018 0.068558 0.067233 0.061585 0.050082 0.059104 0.053578 0.057470 0.061749 0.061439 0.047120 0.048591 0.056713 0.055134 0.062890 
0.074659 0.076635 0.098388 0.078897 0.087654 0.089770 0.105215 0.137534 0.121094 0.127478 0.124854 0.100382 0.142014 0.141526 0.118038 0.098535 0.090123 0.102023 0.098896 0.121857 0.126408 0.114133 0.094461 0.104146 1.000000 0.122057 0.134559 0.105322 0.105090 0.117555 0.099409 0.137485 0.104096 0.106211 0.097731 0.106068 0.092204 0.100878 0.098115 0.102015 0.101302 0.080409 0.112419 0.098403 0.107373 0.090355 0.085170 0.090105 0.070088 0.033735 0.081352 0.079745 0.084326 0.095859 0.084477 0.080475 0.098030 0.105088 0.074325 0.076576 0.078463 0.101066 0.074405 0.089491 0.078220 0.100846 0.080636 0.095779 0.062026 0.070308 0.068887 0.110456 0.085271 0.089673 0.084487 0.076695 0.121189 0.072532 0.087285 0.084457 0.083027 0.081909 0.055878 0.050019 0.063002 0.081159 0.099463 0.100817 0.074876 0.064138 0.064268 0.066028 0.068746 0.072636 0.073268 0.056493 0.066388 0.063332 0.057833 0.066981 
0.074009 0.074689 0.102454 0.077136 0.086872 0.085904 0.101507 0.101861 0.116438 0.103294 0.101376 0.099192 0.124778 0.119902 0.107530 0.097946 0.097735 0.103367 0.091847 0.124963 0.104103 0.099187 0.099183 0.114609 0.122057 1.000000 0.109094 0.094234 0.096949 0.124604 0.112749 0.135228 0.099951 0.126979 0.099159 0.097915 0.090426 0.200000 0.092415 0.093500 0.095514 0.077902 0.096005 0.104083 0.111997 0.084825 0.086833 0.082619 0.064343 0.034944 0.080545 0.084098 0.087010 0.089154 0.080016 0.078684 0.102157 0.093358 0.070142 0.072708 0.067749 0.088329 0.070164 0.083027 0.076872 0.081545 0.080979 0.085045 0.057751 0.067863 0.062333 0.078694 0.076364 0.075259 0.070423 0.063858 0.082973 0.069748 0.063103 0.070391 0.088555 0.089918 0.061430 0.048370 0.064676 0.078206 0.083781 0.077886 0.058967 0.063555 0.061997 0.052847 0.059370 0.062979 0.068130 0.043819 0.063205 0.057695 0.058618 0.055610 
0.069040 0.073248 0.078491 0.074604 0.077012 0.085060 0.097705 0.112616 0.113983 0.129132 0.109138 0.099128 0.140108 0.108382 0.106221 0.097496 0.097219 0.090683 0.100482 0.098767 0.126128 0.093612 0.097742 0.098270 0.134559 0.109094 1.000000 0.100252 0.110197 0.107768 0.095883 0.105033 0.106974 0.101392 0.104574 0.110534 0.093403 0.084953 0.087533 0.094282 0.090070 0.087757 0.111335 0.102877 0.100103 0.109977 0.087510 0.109438 0.078401 0.035773 0.097890 0.084850 0.093034 0.093674 0.088622 0.088278 0.099366 0.097868 0.081778 0.088815 0.083323 0.101176 0.077428 0.085516 0.079884 0.104659 0.089724 0.105587 0.074719 0.074694 0.070681 0.106331 0.099711 0.096344 0.087900 0.075897 0.083638 0.077076 0.079034 0.080795 0.083391 0.085745 0.066557 0.061097 0.075455 0.081274 0.072087 0.080147 0.078847 0.065193 0.065043 0.068925 0.068670 0.075169 0.080187 0.064437 0.078261 0.071091 0.060455 0.069740 
0.070791 0.077980 0.081223 0.076324 0.089498 0.090580 0.102116 0.110398 0.100774 0.100567 0.104473 0.098474 0.108041 0.105735 0.111894 0.101811 0.087075 0.094334 0.093328 0.093020 0.107720 0.080054 0.090317 0.094380 0.105322 0.094234 0.100252 1.000000 0.092898 0.084408 0.082360 0.093073 0.097138 0.093274 0.070444 0.097250 0.084352 0.085280 0.084845 0.086810 0.076309 0.077909 0.099841 0.088055 0.071484 0.075672 0.085131 0.074201 0.067698 0.035642 0.085301 0.075862 0.075504 0.086373 0.084228 0.072330 0.086165 0.075496 0.076280 0.078501 0.069639 0.074528 0.071235 0.076698 0.072769 0.080245 0.073222 0.078382 0.073988 0.062781 0.065592 0.078496 0.075808 0.075142 0.073290 0.056197 0.060525 0.067851 0.060965 0.069094 0.071017 0.067635 0.058220 0.056040 0.064819 0.077494 0.066893 0.069024 0.060090 0.058838 0.063271 0.055795 0.075193 0.067385 0.064549 0.045318 0.058663 0.067965 0.055865 0.058733 
0.066331 0.064105 0.071578 0.068569 0.072433 0.072519 0.085566 0.090965 0.125505 0.189100 0.117041 0.084428 0.116851 0.092957 0.100007 0.085638 0.086881 0.085778 0.098412 0.091241 0.101886 0.083319 0.091371 0.104269 0.105090 0.096949 0.110197 0.092898 1.000000 0.104393 0.096719 0.114734 0.099961 0.113379 0.107386 0.097732 0.086600 0.081782 0.069131 0.080793 0.090059 0.096910 0.086612 0.084530 0.087027 0.097260 0.071845 0.097761 0.093322 0.054658 0.089897 0.080398 0.091335 0.085658 0.078736 0.074684 0.083122 0.081210 0.083513 0.080870 0.093463 0.091225 0.097823 0.075058 0.075171 0.096741 0.090823 0.087275 0.077539 0.066694 0.066154 0.083073 0.088681 0.083359 0.077113 0.076525 0.076336 0.080279 0.064731 0.063703 0.068288 0.075408 0.066227 0.058824 0.070959 0.086694 0.076142 0.078844 0.064391 0.064448 0.065534 0.065138 0.062390 0.074460 0.068804 0.072485 0.054211 0.067258 0.060644 0.070936 
0.057011 0.054128 0.065552 0.062325 0.060914 0.059099 0.076246 0.080151 0.105399 0.105448 0.081487 0.084130 0.117388 0.098223 0.104206 0.078014 0.080540 0.080092 0.085784 0.100603 0.098094 0.120735 0.082736 0.079781 0.117555 0.124604 0.107768 0.084408 0.104393 1.000000 0.087702 0.106631 0.090594 0.114336 0.105981 0.085762 0.078060 0.081539 0.098977 0.079263 0.119787 0.082968 0.104651 0.094129 0.111526 0.092514 0.074923 0.101483 0.069647 0.039467 0.092758 0.074134 0.095866 0.088453 0.086840 0.087545 0.085353 0.114710 0.080305 0.079263 0.072211 0.112269 0.069098 0.080284 0.086983 0.107901 0.074465 0.102683 0.074904 0.064708 0.068091 0.092317 0.081685 0.089472 0.085646 0.087548 0.104560 0.074925 0.069990 0.084600 0.105591 0.090042 0.064360 0.061296 0.067745 0.079283 0.089300 0.099766 0.071511 0.073391 0.068336 0.056515 0.071858 0.073698 0.069928 0.063791 0.071660 0.066105 0.059468 0.072332 
0.062584 0.065272 0.071155 0.068721 0.072621 0.072977 0.082511 0.096189 0.094387 0.101710 0.093227 0.078975 0.097930 0.089625 0.097890 0.095776 0.082496 0.087858 0.091757 0.096029 0.090917 0.094705 0.091029 0.099223 0.099409 0.112749 0.095883 0.082360 0.096719 0.087702 1.000000 0.092319 0.088685 0.111289 0.091178 0.093475 0.076761 0.081381 0.081257 0.073284 0.090981 0.087511 0.091005 0.080569 0.073692 0.079401 0.068067 0.082408 0.073627 0.051726 0.080563 0.077293 0.076923 0.080924 0.074903 0.069075 0.075338 0.069775 0.080336 0.076004 0.074979 0.071048 0.078989 0.066074 0.075406 0.082220 0.068611 0.075003 0.056241 0.064852 0.055988 0.077174 0.071072 0.073749 0.075263 0.055450 0.064744 0.070264 0.059057 0.059302 0.069340 0.069639 0.060590 0.063251 0.069780 0.063264 0.065681 0.053906 0.065111 0.058597 0.062574 0.048526 0.048975 0.097375 0.059734 0.053528 0.058958 0.056327 0.054521 0.061341 
0.059896 0.064726 0.081849 0.062528 0.067233 0.069836 0.087095 0.096423 0.109953 0.112908 0.096798 0.087132 0.128415 0.171437 0.090903 0.082272 0.081982 0.084939 0.085442 0.122985 0.101230 0.083711 0.090156 0.096534 0.137485 0.135228 0.105033 0.093073 0.114734 0.106631 0.092319 1.000000 0.108394 0.108478 0.087892 0.095803 0.086402 0.083405 0.081949 0.086504 0.085785 0.080729 0.087851 0.092755 0.087903 0.088582 0.071283 0.079820 0.068337 0.032235 0.085468 0.074083 0.084271 0.095110 0.077817 0.085026 0.090090 0.104499 0.074990 0.073504 0.079040 0.104200 0.075655 0.080506 0.077904 0.083238 0.079647 0.089056 0.061309 0.071380 0.058933 0.082558 0.085990 0.076865 0.073658 0.066409 0.084201 0.076647 0.067358 0.076185 0.087288 0.095562 0.055427 0.046546 0.071472 0.079318 0.099253 0.096139 0.062509 0.067187 0.061182 0.056395 0.062664 0.066163 0.077351 0.051098 0.065224 0.061255 0.059354 0.063934 
0.066550 0.074802 0.076396 0.074207 0.077881 0.089404 0.092190 0.103036 0.103563 0.108201 0.099811 0.104778 0.110981 0.100988 0.096752 0.094858 0.091485 0.102147 0.092372 0.100887 0.106240 0.091702 0.096231 0.102681 0.104096 0.099951 0.106974 0.097138 0.099961 0.090594 0.088685 0.108394 1.000000 0.097852 0.071250 0.094312 0.102533 0.088469 0.082996 0.091834 0.079474 0.090382 0.098789 0.085914 0.082265 0.087230 0.080379 0.085892 0.072581 0.039359 0.087673 0.074492 0.088853 0.085851 0.079784 0.078756 0.087093 0.078418 0.076103 0.083060 0.086207 0.079535 0.075704 0.084459 0.064758 0.089579 0.079591 0.077340 0.069946 0.069270 0.066748 0.077452 0.082335 0.085823 0.074980 0.057135 0.066507 0.081092 0.071708 0.074330 0.072508 0.079582 0.056882 0.049476 0.071380 0.080361 0.078217 0.067032 0.070213 0.066406 0.064317 0.063910 0.068602 0.059604 0.080122 0.054376 0.062372 0.070056 0.062517 0.066090 
0.061854 0.063934 0.072210 0.068641 0.077733 0.076030 0.090152 0.092255 0.109200 0.138748 0.116317 0.089345 0.111162 0.090848 0.097812 0.093979 0.089934 0.086588 0.103149 0.091623 0.098252 0.085209 0.086608 0.120871 0.106211 0.126979 0.101392 0.093274 0.113379 0.114336 0.111289 0.108478 0.097852 1.000000 0.100467 0.098795 0.079974 0.177748 0.080775 0.077283 0.093470 0.089706 0.095587 0.089928 0.080864 0.084060 0.081628 0.102111 0.088587 0.046948 0.089162 0.081206 0.086999 0.092839 0.075072 0.084916 0.089618 0.082292 0.084307 0.085827 0.076271 0.089514 0.083167 0.080466 0.084438 0.086067 0.084277 0.086004 0.082511 0.069570 0.073937 0.079889 0.078780 0.082410 0.076085 0.062576 0.068686 0.068471 0.061434 0.063921 0.071337 0.071596 0.065793 0.059196 0.081803 0.087456 0.076622 0.084433 0.066706 0.056198 0.070550 0.059336 0.064719 0.073766 0.069831 0.062170 0.057168 0.063407 0.063492 0.063896 
0.038367 0.038682 0.048977 0.045623 0.049433 0.045221 0.058914 0.066174 0.067348 0.105723 0.080329 0.065626 0.095203 0.072373 0.079061 0.065758 0.064716 0.063429 0.080127 0.073991 0.091856 0.067140 0.069364 0.069638 0.097731 0.099159 0.104574 0.070444 0.107386 0.105981 0.091178 0.087892 0.071250 0.100467 1.000000 0.092709 0.071031 0.075712 0.068604 0.068252 0.075819 0.077934 0.087477 0.083778 0.118210 0.102421 0.067476 0.112544 0.083919 0.052687 0.088716 0.073616 0.082907 0.088998 0.085610 0.074966 0.097109 0.114224 0.077927 0.076222 0.069917 0.108773 0.074187 0.084566 0.094689 0.104434 0.087234 0.102041 0.072461 0.064234 0.064286 0.086939 0.085524 0.098030 0.080686 0.112743 0.102598 0.072671 0.075875 0.068576 0.097686 0.086113 0.075992 0.068827 0.080794 0.081474 0.088472 0.084303 0.074529 0.060552 0.068966 0.070109 0.066070 0.089776 0.067789 0.089277 0.076747 0.066936 0.061416 0.067952 
0.060403 0.078059 0.066595 0.063769 0.074613 0.073164 0.091765 0.102767 0.096578 0.104386 0.102227 0.092573 0.110892 0.094999 0.100812 0.098315 0.102592 0.089291 0.097199 0.090481 0.123171 0.088617 0.092119 0.091474 0.106068 0.097915 0.110534 0.097250 0.097732 0.085762 0.093475 0.095803 0.094312 0.098795 0.092709 1.000000 0.095273 0.082681 0.088814 0.100251 0.089214 0.086455 0.106533 0.102244 0.080935 0.103536 0.096766 0.098655 0.080592 0.040910 0.099418 0.106984 0.103347 0.109753 0.085135 0.088727 0.108358 0.094212 0.097700 0.103536 0.079468 0.088853 0.083561 0.099787 0.091565 0.095346 0.093919 0.087475 0.078260 0.084146 0.076170 0.116699 0.075515 0.112344 0.086985 0.066596 0.073826 0.081403 0.083921 0.095926 0.085043 0.081814 0.081336 0.072115 0.082035 0.093226 0.072922 0.068594 0.098120 0.067121 0.082411 0.070263 0.072944 0.096566 0.077982 0.067182 0.071715 0.066758 0.076964 0.070896 
0.059909 0.068456 0.063559 0.065404 0.069914 0.079268 0.090241 0.089086 0.083917 0.086252 0.081591 0.084889 0.089197 0.080804 0.092696 0.096600 0.089110 0.088924 0.094290 0.089267 0.110379 0.082423 0.099753 0.090601 0.092204 0.090426 0.093403 0.084352 0.086600 0.078060 0.076761 0.086402 0.102533 0.079974 0.071031 0.095273 1.000000 0.077170 0.086001 0.080895 0.079194 0.089888 0.101374 0.080775 0.071502 0.085428 0.090559 0.082174 0.077230 0.043025 0.094806 0.087508 0.092902 0.085337 0.080075 0.073161 0.075336 0.071778 0.084495 0.092941 0.107019 0.069052 0.088517 0.092276 0.063762 0.079924 0.084155 0.073338 0.069746 0.074482 0.076889 0.085372 0.076630 0.090069 0.080217 0.056986 0.066514 0.098217 0.069912 0.080600 0.081943 0.083113 0.077645 0.057782 0.078159 0.083123 0.067680 0.067501 0.078646 0.068459 0.074788 0.073424 0.066742 0.069419 0.091794 0.047123 0.062786 0.075817 0.080716 0.075936 
0.051869 0.052252 0.062071 0.054227 0.062855 0.064541 0.071313 0.081093 0.082919 0.094495 0.096597 0.078723 0.090227 0.087806 0.079699 0.073625 0.070628 0.081422 0.078588 0.077305 0.091990 0.073952 0.075224 0.256852 0.100878 0.200000 0.084953 0.085280 0.081782 0.081539 0.081381 0.083405 0.088469 0.177748 0.075712 0.082681 0.077170 1.000000 0.071396 0.070848 0.082807 0.072280 0.081464 0.086620 0.070419 0.076590 0.083053 0.071322 0.064736 0.032883 0.082326 0.066813 0.071147 0.079663 0.073454 0.075116 0.090743 0.070455 0.077075 0.072282 0.073683 0.065490 0.073352 0.078504 0.067762 0.074365 0.073498 0.077957 0.058668 0.058488 0.062659 0.064813 0.084832 0.076368 0.074245 0.053610 0.067455 0.063593 0.058994 0.065133 0.074856 0.066667 0.057654 0.052488 0.074627 0.081528 0.064678 0.067754 0.057143 0.056140 0.060606 0.056131 0.064767 0.060928 0.063539 0.049344 0.057533 0.053055 0.066188 0.060020 
0.052808 0.061522 0.065064 0.060794 0.060149 0.069518 0.081551 0.074737 0.077483 0.078457 0.077406 0.087211 0.086922 0.079712 0.086773 0.091219 0.086983 0.079391 0.091439 0.080810 0.092496 0.092899 0.086782 0.069302 0.098115 0.092415 0.087533 0.084845 0.069131 0.098977 0.081257 0.081949 0.082996 0.080775 0.068604 0.088814 0.086001 0.071396 1.000000 0.088790 0.093579 0.083034 0.105131 0.085824 0.076260 0.072989 0.087310 0.080717 0.068288 0.043097 0.076168 0.081201 0.087027 0.089316 0.086887 0.074771 0.071664 0.069684 0.074354 0.083904 0.074183 0.069622 0.060455 0.073357 0.069655 0.076214 0.076407 0.078294 0.069039 0.063375 0.058609 0.076520 0.068987 0.088466 0.073487 0.059788 0.075237 0.072325 0.080728 0.070810 0.087504 0.069825 0.088601 0.066344 0.069670 0.077764 0.065595 0.060349 0.067596 0.067352 0.079483 0.057509 0.074026 0.065185 0.070109 0.046436 0.066577 0.060788 0.070809 0.062291 
0.048701 0.057196 0.062219 0.057624 0.060593 0.063782 0.079308 0.077386 0.076652 0.079361 0.073944 0.083381 0.087746 0.086040 0.085989 0.088360 0.086044 0.077361 0.076890 0.085444 0.089782 0.081636 0.086595 0.074840 0.102015 0.093500 0.094282 0.086810 0.080793 0.079263 0.073284 0.086504 0.091834 0.077283 0.068252 0.100251 0.080895 0.070848 0.088790 1.000000 0.078458 0.080435 0.086239 0.098175 0.069233 0.068175 0.082472 0.070817 0.061969 0.030630 0.084310 0.081811 0.094327 0.089820 0.072689 0.079114 0.081569 0.077865 0.066809 0.076769 0.070135 0.079134 0.062889 0.077135 0.074218 0.073163 0.085838 0.080277 0.056938 0.074843 0.067899 0.082037 0.063467 0.076483 0.074317 0.057085 0.079419 0.069503 0.078518 0.097237 0.075597 0.076034 0.063257 0.052829 0.071629 0.072141 0.073860 0.069043 0.066871 0.062581 0.065101 0.057260 0.065652 0.059403 0.075949 0.044539 0.064130 0.060835 0.064351 0.064103 
0.052563 0.056434 0.061664 0.062332 0.058763 0.067497 0.075927 0.082572 0.083640 0.088168 0.093026 0.082578 0.083412 0.089232 0.089534 0.083277 0.084933 0.087291 0.077428 0.088349 0.082245 0.111515 0.083864 0.076344 0.101302 0.095514 0.090070 0.076309 0.090059 0.119787 0.090981 0.085785 0.079474 0.093470 0.075819 0.089214 0.079194 0.082807 0.093579 0.078458 1.000000 0.075467 0.097747 0.088325 0.069005 0.113056 0.072675 0.091817 0.065931 0.042089 0.082200 0.096954 0.103226 0.090556 0.078666 0.075770 0.076274 0.075034 0.087305 0.076190 0.072282 0.077536 0.066273 0.081639 0.067496 0.070993 0.083990 0.083371 0.072429 0.063790 0.064424 0.075102 0.076020 0.082913 0.066986 0.058637 0.068153 0.070243 0.062133 0.066083 0.068157 0.070429 0.064345 0.056032 0.076103 0.082976 0.064036 0.073433 0.063000 0.072426 0.077557 0.057442 0.061215 0.058221 0.064226 0.049549 0.076910 0.059303 0.063080 0.059630 
0.050177 0.053499 0.052735 0.057133 0.057072 0.060055 0.072250 0.079253 0.072656 0.089356 0.083759 0.075292 0.083333 0.070990 0.085893 0.082758 0.085292 0.074555 0.073251 0.085288 0.086001 0.073949 0.081879 0.087211 0.080409 0.077902 0.087757 0.077909 0.096910 0.082968 0.087511 0.080729 0.090382 0.089706 0.077934 0.086455 0.089888 0.072280 0.083034 0.080435 0.075467 1.000000 0.088956 0.079425 0.067868 0.077639 0.084176 0.083839 0.094465 0.069444 0.096073 0.078368 0.081320 0.074416 0.090494 0.069641 0.083815 0.064546 0.081925 0.077733 0.101616 0.071743 0.096430 0.076115 0.068895 0.081000 0.076460 0.077869 0.072441 0.066326 0.071089 0.080194 0.078802 0.085806 0.083587 0.057554 0.065205 0.094572 0.062411 0.065511 0.074248 0.069788 0.070575 0.066225 0.075529 0.086052 0.064623 0.062107 0.071495 0.060390 0.081518 0.073351 0.072263 0.074752 0.085131 0.056628 0.058970 0.070911 0.077901 0.075365 
0.056269 0.068141 0.062272 0.063215 0.059800 0.073145 0.088725 0.084240 0.095467 0.096855 0.085866 0.087996 0.115788 0.091316 0.098659 0.090577 0.090017 0.086049 0.090053 0.088608 0.107303 0.104634 0.091855 0.083016 0.112419 0.096005 0.111335 0.099841 0.086612 0.104651 0.091005 0.087851 0.098789 0.095587 0.087477 0.106533 0.101374 0.081464 0.105131 0.086239 0.097747 0.088956 1.000000 0.104801 0.096416 0.105626 0.095201 0.102013 0.076923 0.043967 0.096698 0.096007 0.115220 0.107442 0.093634 0.087531 0.100156 0.087283 0.087967 0.097353 0.091983 0.093531 0.082004 0.100719 0.086584 0.103625 0.095208 0.096437 0.087028 0.098065 0.076558 0.103594 0.079808 0.104878 0.089088 0.073061 0.084105 0.088166 0.081894 0.084370 0.085240 0.089858 0.074448 0.058112 0.082829 0.089952 0.083481 0.080801 0.088505 0.079405 0.090367 0.070369 0.074282 0.083990 0.093821 0.067095 0.076113 0.079912 0.079453 0.075851 
0.050688 0.053642 0.060382 0.057879 0.060801 0.060110 0.081012 0.090304 0.081538 0.087031 0.084451 0.078920 0.102830 0.097812 0.085963 0.084044 0.079734 0.082239 0.074565 0.079416 0.103813 0.088893 0.088489 0.081327 0.098403 0.104083 0.102877 0.088055 0.084530 0.094129 0.080569 0.092755 0.085914 0.089928 0.083778 0.102244 0.080775 0.086620 0.085824 0.098175 0.088325 0.079425 0.104801 1.000000 0.083673 0.090656 0.077053 0.073323 0.068966 0.040865 0.092532 0.100287 0.098270 0.095625 0.080711 0.270734 0.113973 0.086775 0.083853 0.085007 0.072990 0.089724 0.077215 0.088152 0.073821 0.094046 0.091009 0.095128 0.067101 0.078463 0.066667 0.092046 0.073986 0.091614 0.093159 0.070221 0.090925 0.077486 0.073162 0.104553 0.091558 0.078197 0.070726 0.059921 0.077705 0.084441 0.075584 0.072149 0.089008 0.069534 0.081144 0.066340 0.073056 0.072451 0.075668 0.058368 0.074427 0.068429 0.066779 0.066157 
