1.000000000000000000e+00  3.132840731612526186e-01  2.371500379339233078e-01  2.287377745579082522e-01  2.338972597939589226e-01  1.497130073976403741e-01  1.292372184236330046e-01  1.209699304355883881e-01  1.024735522793898956e-01  1.397006739061210367e-01  1.019732385840422667e-01  1.215107386796729777e-01  1.089264528428161433e-01  9.748156204329945507e-02  1.248688566335625222e-01  8.599086176119728753e-02  9.769956090478106037e-02  1.037889143947796078e-01  7.747539415740602176e-02  7.763881623789370412e-02  7.400016008110775478e-02  7.327054215384724845e-02  7.214309859759511501e-02  9.356813543949814294e-02  7.767633217798067258e-02  6.709317203675700669e-02  5.961223216746695808e-02  6.763023486084299152e-02  4.642000873840233799e-02  7.847096442784698422e-02  6.412131629488174167e-02  6.153707264667912513e-02  6.228797002640218405e-02  5.208960067678192890e-02  4.291218894669241585e-02  4.606483363013647719e-02  4.241337335179386214e-02  4.963165294824101181e-02  5.416040442683426465e-02  4.773987025966506398e-02  4.483011947701876637e-02  4.907460520215006089e-02  4.849708961973620697e-02  4.778862596245310457e-02  4.610465287817543112e-02  4.505857171087016000e-02  3.792137706443358958e-02  3.856123163051084629e-02  4.772648610830910326e-02  4.180196916217722436e-02  4.486131045762541819e-02  3.501039968519872175e-02  3.203921149814228930e-02  3.735841262102499588e-02  4.319123741859088456e-02  4.148416747794652498e-02  3.838857976016901014e-02  3.799637791537629344e-02  4.635905271766038727e-02  4.294765568059172312e-02  3.856267088574452662e-02  3.581678855576919673e-02  3.902858531660715474e-02  3.622566747969759027e-02  3.276385824677587044e-02  3.204526511027175339e-02  3.545149122987818757e-02  3.118396210480483752e-02  3.593234268996808867e-02  2.997789196489877850e-02  2.506895761827864291e-02  3.212141873680364468e-02  3.026291825557314227e-02  3.239950501277840539e-02  2.776621375463633745e-02  2.790641431861681093e-02  3.574686966152922085e-02  2.977870833630920019e-02  3.039538838969913295e-02  2.438474978278605543e-02  2.823772859608115679e-02  3.191171859357232188e-02  2.867620150681158761e-02  2.548417469125160637e-02  2.641453082734907670e-02  2.070164438997976544e-02  2.410802394892008413e-02  2.712615934064894693e-02  2.417242110364043947e-02  2.224462250773094618e-02  2.424769320422996352e-02  2.993631776866531938e-02  2.030505152383036555e-02  2.639416677553787019e-02  2.258068800889565311e-02  2.035055770544047515e-02  2.421382093105507033e-02  2.475661430832962195e-02  2.324356094397008257e-02  2.105702945477334539e-02
3.132840731612526186e-01  1.000000000000000000e+00  2.155983745366076010e-01  1.867738168286455225e-01  1.988015827264777158e-01  1.530351020795520656e-01  1.428147503363139947e-01  1.286593761848695838e-01  1.061818635205373784e-01  1.452610223456095029e-01  1.117276651330360859e-01  1.283591447739670099e-01  1.228512999088235136e-01  1.200625428553618590e-01  1.178041835448618568e-01  9.675807007743318644e-02  9.645125018333125522e-02  1.100176927491464396e-01  1.019518644675510982e-01  8.662262343586604740e-02  8.709734064347453286e-02  9.132402396999599048e-02  8.568689251462745238e-02  9.592627958707375391e-02  9.926773304642813600e-02  7.775191987865860688e-02  6.905350267226020855e-02  9.108020554066130481e-02  5.433107320131974616e-02  9.703223363468548024e-02  8.875270596306342186e-02  7.507398666099697471e-02  8.177481858481631949e-02  6.434148518696708452e-02  4.896034780445476103e-02  5.607316206937373870e-02  5.444043019235538655e-02  6.003267401832079048e-02  7.495057615324721145e-02  5.486469737657508755e-02  5.377524854786809583e-02  6.085063483482605617e-02  5.508189331775437819e-02  5.957324931977660276e-02  5.744236285724404339e-02  5.769327483736602646e-02  5.004626704319155989e-02  4.719174806200384514e-02  6.382795545699332385e-02  5.225529779965119165e-02  5.079537130231256276e-02  4.483596082682769074e-02  3.817401756707249072e-02  4.698977376514096305e-02  6.037337257741012819e-02  5.207131793164815337e-02  4.863762011320257872e-02  5.073475529768672193e-02  4.966872627112335625e-02  5.373202451482329833e-02  5.151688954629154299e-02  4.682939892938767223e-02  5.263602517453823404e-02  5.424152042727335699e-02  3.993972732058893166e-02  4.744259506742801863e-02  4.689879876333487990e-02  4.017073777907308879e-02  4.341803927803750129e-02  3.689237173992897939e-02  3.165845082348304335e-02  4.173702741244476877e-02  3.894821588613267549e-02  4.668560749935429105e-02  3.795771141999346177e-02  3.621575999386173611e-02  4.106352089319232485e-02  4.368651366040399858e-02  4.525060655198059195e-02  2.906072891942728179e-02  3.680541504957050847e-02  4.195070470066328272e-02  3.828187656497756414e-02  3.142907343417187388e-02  3.504482727906555600e-02  2.620079221780724846e-02  3.602321016415366978e-02  3.241112310384167139e-02  3.142431444016204750e-02  2.975860949170365186e-02  2.777631745776496658e-02  3.433349910666592952e-02  2.869199884486757848e-02  3.166586080202523495e-02  3.096227843797808715e-02  2.835201225765794641e-02  3.103078268528224049e-02  2.655465400866020148e-02  3.223774639846350987e-02  2.663976281698161169e-02
2.371500379339233078e-01  2.155983745366076010e-01  1.000000000000000000e+00  2.017308255064705624e-01  1.992004596745601819e-01  1.570920372593913039e-01  1.395368158687298743e-01  1.424865850591095773e-01  1.343460275538130577e-01  1.505722314992057886e-01  1.320998099782237922e-01  1.395516744356404826e-01  1.301939658676436185e-01  1.319164989939637933e-01  1.269440092580967350e-01  1.052337949592144356e-01  1.070431737553085988e-01  1.121881765520469643e-01  9.569882286066175303e-02  1.011952537559943771e-01  9.435512609447292698e-02  9.697100809504737018e-02  9.382272777260933228e-02  1.002931280955337706e-01  1.002480267961660121e-01  8.705974052246553962e-02  8.310320076886580642e-02  8.538730316122482289e-02  6.682730225365932086e-02  9.601835645049788814e-02  8.305283876775659824e-02  8.473414518520307193e-02  8.327641270837564391e-02  7.865934133390625749e-02  6.562679588113190521e-02  6.437035549307089377e-02  6.029478436482497983e-02  6.707957818739260225e-02  7.784047545340024021e-02  6.928289420171064583e-02  5.934797736925376266e-02  6.337637890839063759e-02  6.465125494130188888e-02  6.518797434841443195e-02  6.223640573180651975e-02  6.312949922366337119e-02  5.207383375647824802e-02  5.436660100189331934e-02  6.543689136984878751e-02  6.063390277284939206e-02  6.182050196781998380e-02  4.940804239201034009e-02  4.730383568073608103e-02  5.132800162683773953e-02  6.029350685310812946e-02  5.534908710566557172e-02  4.994223029164180511e-02  5.548957529699119484e-02  5.488295994011389844e-02  5.611235217448111434e-02  5.636348487082033093e-02  4.942900640973840742e-02  5.164914708124347664e-02  5.081202559809454983e-02  4.608801249060313215e-02  4.511380057803468513e-02  4.842790954893431282e-02  4.271850920462971768e-02  4.402444214157860691e-02  4.839716902581182173e-02  3.672661223020405596e-02  4.468378452904251535e-02  4.370004936582658900e-02  4.392795711763927691e-02  4.183093061815161551e-02  4.196985658885652587e-02  4.569998258188128631e-02  4.180484178544878471e-02  4.290617108074856051e-02  3.651022698641746139e-02  4.186619236557668350e-02  3.967658853062954599e-02  4.038925641876289080e-02  3.454252938343124746e-02  3.759641466384209402e-02  3.055979082350074316e-02  3.569732286456439585e-02  3.723857987469482433e-02  3.434330213991231007e-02  3.381002331385579707e-02  3.578556280721366389e-02  3.795486131501164817e-02  2.845282794559090070e-02  3.583879742961054715e-02  3.278666977731483495e-02  3.114695952603024204e-02  3.301124558915674578e-02  3.463402310465997502e-02  3.029673110743758002e-02  2.982540424215700953e-02
2.287377745579082522e-01  1.867738168286455225e-01  2.017308255064705624e-01  1.000000000000000000e+00  1.910474180481328832e-01  1.696683648838226421e-01  1.552981348106007575e-01  1.490271070800543995e-01  1.401324335456071990e-01  1.586596677764128827e-01  1.476552884088697670e-01  1.367442481798806231e-01  1.372625875255168437e-01  1.348391490979360952e-01  1.330761568987051668e-01  1.593684583532932186e-01  1.125370187561697960e-01  1.152573112672863331e-01  1.109160376997715969e-01  1.135029221527655424e-01  1.178011194803399858e-01  1.002418354833626846e-01  1.036826443509968054e-01  1.121841844005159738e-01  1.084146618440187532e-01  1.106814447047305972e-01  9.248247921369079361e-02  9.709450730615906688e-02  8.602308707851739900e-02  1.036410313034836911e-01  9.452818768734147503e-02  8.587795765877957732e-02  8.946949109997925920e-02  8.509773906987373737e-02  6.897245723230591152e-02  7.722070986746309984e-02  6.546043951901692193e-02  8.805942310435249665e-02  8.528591605403251785e-02  8.454320474623309989e-02  6.952449301203750265e-02  7.092177788202180810e-02  6.970163072695777229e-02  7.240777666999002882e-02  7.617266496717911561e-02  7.163221402571107177e-02  6.262000151183007290e-02  6.445187775581572021e-02  7.445456312712156466e-02  6.769740682849663405e-02  7.146100642856338669e-02  6.014374700527072570e-02  5.340977901780581683e-02  6.616930089117667446e-02  6.455348637390963262e-02  6.496433730930104011e-02  5.727831735977683553e-02  6.656854371301323958e-02  5.969813190029796268e-02  6.571801328923813912e-02  5.600968238272137356e-02  5.742036521296375179e-02  5.558289933039546604e-02  5.829774252593044465e-02  5.822774146362010711e-02  5.059852475479916650e-02  4.841850267543657688e-02  5.283741535053818050e-02  4.904114054217662000e-02  4.765883363320885108e-02  5.268803733341685669e-02  4.884398437984256020e-02  4.954504164677987765e-02  5.464611309597142141e-02  4.769322576395185892e-02  4.617232156085997186e-02  5.016641335924123396e-02  4.704103555077276955e-02  4.966509876977424909e-02  4.814353819778774413e-02  4.614348396541185365e-02  4.302365911544292487e-02  4.629057517360908591e-02  3.737130580015839143e-02  4.277373630147678768e-02  3.778496489705766154e-02  3.893212939230763364e-02  4.147807665548806921e-02  4.340627727569835309e-02  3.825437822854983044e-02  4.290247147839917202e-02  4.113184734491702466e-02  3.059084253433060410e-02  3.921645414956608650e-02  3.996003210020298430e-02  3.623139976018713293e-02  4.110579487402361842e-02  3.855336527134218400e-02  3.394454064568162149e-02  3.834105014284307222e-02
2.338972597939589226e-01  1.988015827264777158e-01  1.992004596745601819e-01  1.910474180481328832e-01  1.000000000000000000e+00  1.734479078617142400e-01  1.617100114756591656e-01  1.570612850405161409e-01  1.347066560456456896e-01  1.653961669517434452e-01  1.413958198712934600e-01  1.511163444961907132e-01  1.462761089676479498e-01  1.466474031266207234e-01  1.441614608361364847e-01  1.248161573114382056e-01  1.274781715459681608e-01  1.297572658670569645e-01  1.303675656012830975e-01  1.128767606905156373e-01  1.118857588378916329e-01  1.133264827849509992e-01  1.104696351900112672e-01  1.203292161349450717e-01  1.175503064925061819e-01  1.034854443681461622e-01  9.192767360395631693e-02  1.099981893302167807e-01  7.335036825492259605e-02  1.242528156405812712e-01  1.037167393451603054e-01  9.767767980452565779e-02  1.011598781647917167e-01  8.605919341792848953e-02  6.919603746883212780e-02  7.536669000556542319e-02  7.628720424475668449e-02  7.996346133576924531e-02  9.526702979536035010e-02  7.599846287210559881e-02  7.724056866298302515e-02  8.098124936712761124e-02  7.662145310650021746e-02  7.530901709006521116e-02  7.505988345071681889e-02  7.608778531798181255e-02  6.629960476114321599e-02  6.511007338225484331e-02  7.838857900408988111e-02  7.205387205387205063e-02  7.299018763986916958e-02  5.985591447827097455e-02  5.473952258586158720e-02  6.323417203898222538e-02  7.685168498828617856e-02  6.922820157569604949e-02  6.406255702762873872e-02  6.510846022047651893e-02  6.905580546231239458e-02  7.347657916832991964e-02  6.641257389196740524e-02  6.243882334758642239e-02  6.862319175486435163e-02  6.733020806872502817e-02  5.509186619751000463e-02  5.806764909135055108e-02  6.052972807168385816e-02  5.545964408029190051e-02  5.899696665204243878e-02  5.221073325646018171e-02  4.509234488776984323e-02  5.479206979185793219e-02  5.369980240939092875e-02  5.999467337012134166e-02  5.255697204025600033e-02  5.061945726907363802e-02  5.707615445673997617e-02  5.453830231621538405e-02  5.796965372192593863e-02  4.290597394177182722e-02  5.122059812623741548e-02  5.186885308092831215e-02  5.220078825742181100e-02  4.406292246473389462e-02  4.834043523493280342e-02  3.770661405577075548e-02  4.622869884499873627e-02  4.653509168526705903e-02  4.381030471759277123e-02  4.222626633182719608e-02  4.313155026813191018e-02  4.745810984003417943e-02  3.934964849129080067e-02  4.560481235718680942e-02  4.123197060615217679e-02  3.974309815950920199e-02  4.466240391941286164e-02  3.996458228635699911e-02  4.113562111216743922e-02  3.880797885123768443e-02
1.497130073976403741e-01  1.530351020795520656e-01  1.570920372593913039e-01  1.696683648838226421e-01  1.734479078617142400e-01  1.000000000000000000e+00  1.874224924920438184e-01  1.776766299527094417e-01  1.941516341022361536e-01  1.661014510133109467e-01  1.980444262741891392e-01  1.518387929974170936e-01  1.627414559652552439e-01  1.476802319492445670e-01  1.478608200693372343e-01  1.587619918842211320e-01  1.400579625612890233e-01  1.399922073754898966e-01  1.591577300433521247e-01  1.518831419293028562e-01  1.571526157732609785e-01  1.312084622799452038e-01  1.519300322220030197e-01  1.315197786178440020e-01  1.322542316999583134e-01  1.413642233994886754e-01  1.414456146181702345e-01  1.265770343662409592e-01  1.193338223865311881e-01  1.439040382612720437e-01  1.348990385286278348e-01  1.166316994087354536e-01  1.362191679524462906e-01  1.106075496510813966e-01  1.135577037832676967e-01  1.220109768176165232e-01  1.144501083605506536e-01  1.233196582916016998e-01  1.079050491951171337e-01  1.100145631426818343e-01  1.028689849789823363e-01  1.076483573561875101e-01  1.124766110321083756e-01  1.060258353178898799e-01  1.082463936353486589e-01  1.026690073791954316e-01  1.008639341998250616e-01  1.083564897464954907e-01  1.025621782267385068e-01  1.243800425113706504e-01  9.092352954523108544e-02  1.033412567421364836e-01  9.229554783706978016e-02  9.664897044833829776e-02  8.901445604358546038e-02  9.901978859390363208e-02  8.607877799970919952e-02  9.383641902976329330e-02  8.149559851166167379e-02  1.048166519864633106e-01  8.554667000853743986e-02  9.057600000000000373e-02  8.239407425947797847e-02  9.131678047408471610e-02  9.213481375245269334e-02  8.282196381811959829e-02  7.578604930278097507e-02  8.071734620062481769e-02  8.134072058061171673e-02  7.622498639129693387e-02  7.613341915465993148e-02  8.010849033757931614e-02  8.055241402379777205e-02  8.388978310411321360e-02  7.373606848651267920e-02  7.998167359361194051e-02  7.398387571727590983e-02  7.709351528192165404e-02  7.703615638580735281e-02  7.103266248762785118e-02  7.720729170914726602e-02  7.275431728466699721e-02  7.329893975707843512e-02  6.181300490001324227e-02  7.209023986359090752e-02  6.211544587322078564e-02  6.541731449932183806e-02  6.735197368421053099e-02  6.941202668932014430e-02  6.292071021730778757e-02  5.637377684266773464e-02  6.253018854022546202e-02  5.151801695315930130e-02  6.614040592538768248e-02  6.575634805515263859e-02  5.482896128006393976e-02  6.485103948442245969e-02  5.213679472486588279e-02  5.526723731212509344e-02  6.272954680454115306e-02
1.292372184236330046e-01  1.428147503363139947e-01  1.395368158687298743e-01  1.552981348106007575e-01  1.617100114756591656e-01  1.874224924920438184e-01  1.000000000000000000e+00  1.791886342194350390e-01  1.490842022607329898e-01  1.635122848453813005e-01  1.974706152404550608e-01  1.462025423109977740e-01  1.609930771067080435e-01  1.324870069012524521e-01  1.422368835957018574e-01  1.600719541683232328e-01  1.356449338251247694e-01  1.449597581039619443e-01  1.638369994277077413e-01  1.289603943163859789e-01  1.653618013659441111e-01  1.478088301194278309e-01  1.435144366484155665e-01  1.294969991228736572e-01  1.374173337974242959e-01  1.271321743908868929e-01  1.127377829440316670e-01  1.387518015460540710e-01  1.019737933322275719e-01  1.481861318349571299e-01  1.379485188677002927e-01  1.201205831784924044e-01  1.237979601748421532e-01  9.381032042208209409e-02  8.720706548224652077e-02  1.055793551910702982e-01  1.225700569583037108e-01  1.121541259153683578e-01  1.054951395622801130e-01  9.352469282063433087e-02  1.029796175667156977e-01  1.223367923829587617e-01  9.825850363491232808e-02  9.987733495789048732e-02  1.122170873326223534e-01  1.096896813288900652e-01  1.048457605115116625e-01  9.889647642146903728e-02  9.405484523655775753e-02  1.033655109584961235e-01  8.417303683113272483e-02  9.672412533781316046e-02  7.800764745069767303e-02  1.001880844525682851e-01  1.001564407158452158e-01  9.572407694008401580e-02  8.991811217751166652e-02  8.614269355958488472e-02  8.194428761281019602e-02  1.081682617404852026e-01  8.427088232102160348e-02  8.804530162466751853e-02  9.071044172355256785e-02  8.997862804685598237e-02  8.351548269581056394e-02  7.902931584087265204e-02  7.448993564288648728e-02  8.743652020313534556e-02  8.183912368953034921e-02  7.586193881979959308e-02  7.228985117360517410e-02  8.162500819434169441e-02  7.387259466885494341e-02  8.625699973246492291e-02  7.082150319999250265e-02  8.098775766453908398e-02  7.233666212182629507e-02  7.980280959264612894e-02  8.192874303912986433e-02  6.143711769846071230e-02  7.497346072186836241e-02  7.988143193737173853e-02  7.333182367149758407e-02  6.024200935255266676e-02  7.856223482862181862e-02  6.066951748162790342e-02  6.218754515243461733e-02  6.275658140269284313e-02  7.278244003610316593e-02  6.420686497072206067e-02  5.436783512384217587e-02  6.431345670550606131e-02  5.131089468438865958e-02  6.770828325561270566e-02  6.751120487667343351e-02  5.670853637228445709e-02  6.440897834034356451e-02  4.977108398749431617e-02  6.065259117082533874e-02  6.496270551021204875e-02
1.209699304355883881e-01  1.286593761848695838e-01  1.424865850591095773e-01  1.490271070800543995e-01  1.570612850405161409e-01  1.776766299527094417e-01  1.791886342194350390e-01  1.000000000000000000e+00  1.984861960233103295e-01  1.558458148372880159e-01  1.967012828344532616e-01  1.514000378156316051e-01  1.548054417788180259e-01  1.541207048786857603e-01  1.496047381855128422e-01  1.492646813619235013e-01  1.465498083226846049e-01  1.442631896938159075e-01  1.450323047033840740e-01  1.608762353276963208e-01  1.538895948044613771e-01  1.246763098963462185e-01  1.494147087234641291e-01  1.341448741993701010e-01  1.260756025514790934e-01  1.263275061562740553e-01  1.181335099252176501e-01  1.282583690602452919e-01  1.060776878138772195e-01  1.340643870633127233e-01  1.344958239967406766e-01  1.315457938149230954e-01  1.245709906367665210e-01  1.213670969877524014e-01  1.279667216018754439e-01  1.027567158665095154e-01  1.271379032477115700e-01  1.196262627966201697e-01  9.821332871618557170e-02  1.150545885799992979e-01  1.121416015033036284e-01  1.136577388769795249e-01  1.170661782272835877e-01  1.079399523619811313e-01  1.018054949847361501e-01  1.007950103219572152e-01  1.022080064153384898e-01  9.375721795689090365e-02  1.068096476666459543e-01  1.073177784605374857e-01  9.985307819107001881e-02  9.276444846838689806e-02  9.562323840766193128e-02  8.865522865395303320e-02  9.278460147817302328e-02  1.021911132607525169e-01  8.572414920871414268e-02  9.160902311638255413e-02  8.798631204593705679e-02  1.071038050519622503e-01  7.964436475027084072e-02  9.476739174161662171e-02  8.551821877447507436e-02  8.614765775580322804e-02  9.237658037326910987e-02  6.915065780705595411e-02  7.653066035511886522e-02  7.838403041825095507e-02  8.895672717020387810e-02  8.399195987744667580e-02  6.979171844708455252e-02  8.835745752045311152e-02  8.433608673697849667e-02  7.896969523646103772e-02  7.773461340980207523e-02  8.188446438586652332e-02  7.992232418230971192e-02  7.044627466002681415e-02  6.943882953123496626e-02  7.243424778673131226e-02  7.844482785663869917e-02  7.047955974842767812e-02  8.086800405901178879e-02  6.980712240193975848e-02  7.257197526358875883e-02  6.756031085038045891e-02  5.955003538711510502e-02  7.364137698880231231e-02  6.527570789865871914e-02  6.515972201208379555e-02  6.437106125535668744e-02  6.759098786828422745e-02  5.868345478144450234e-02  6.411366146315256032e-02  6.600175119010476266e-02  5.431964791704346762e-02  6.775900671687359877e-02  6.317561136880490980e-02  5.708518945147249279e-02  6.177980835321230518e-02
1.024735522793898956e-01  1.061818635205373784e-01  1.343460275538130577e-01  1.401324335456071990e-01  1.347066560456456896e-01  1.941516341022361536e-01  1.490842022607329898e-01  1.984861960233103295e-01  1.000000000000000000e+00  1.451407504753708388e-01  1.960346111970660832e-01  1.424122453096630936e-01  1.619228251111995975e-01  1.775799606665976471e-01  1.434040067351637360e-01  1.470737457844629448e-01  1.458250380606628538e-01  1.238371250543399554e-01  1.476247102001009559e-01  2.012266778280397406e-01  1.605291986180163444e-01  1.128366781093213672e-01  1.697731166606095132e-01  1.269180463840239859e-01  1.254275757161138760e-01  1.421481867083116413e-01  1.558020367127197214e-01  1.215301028149077395e-01  1.457050515433349347e-01  1.403349627912446052e-01  1.421857739332322290e-01  1.227198549410698086e-01  1.368965881483046321e-01  1.404515262119638286e-01  1.592250922509225175e-01  1.350596753904212688e-01  1.223820605034905834e-01  1.420154072400393597e-01  1.066616056177642768e-01  1.461794692666727458e-01  1.190294460290041434e-01  1.234502614724719421e-01  1.484975181760138374e-01  1.219211098700840601e-01  1.048985750888670604e-01  1.091209868474797839e-01  1.107534903548971494e-01  1.282573378100292372e-01  1.234417316160509454e-01  1.239406891456915211e-01  1.156534366935862979e-01  1.245381414701803025e-01  1.326295244854506783e-01  1.021056220962448385e-01  9.164904317326043326e-02  1.117516440345033696e-01  9.073242218611615728e-02  1.168447970624877097e-01  9.682002423634615551e-02  1.128688577516626795e-01  8.853886737816582531e-02  1.078918821189658317e-01  8.696699326728338231e-02  9.614165482566400245e-02  1.218845758155691072e-01  8.048104645553573466e-02  8.428923254420803146e-02  8.423952605467394106e-02  9.343085840463703773e-02  1.003476593631250080e-01  9.055480762417629503e-02  1.065485591338780902e-01  9.459429110427380882e-02  8.872508258983752283e-02  9.320170415502312955e-02  9.649573048387849461e-02  8.866453530764484281e-02  7.553692677911719167e-02  7.806053442142231458e-02  9.521336858006042292e-02  8.850071427741837415e-02  7.347442721861786874e-02  8.343631974682666486e-02  7.994117088907866375e-02  7.875342177300484470e-02  8.904457060031405191e-02  7.036914182817609331e-02  8.928739306195355996e-02  7.724531819737323612e-02  7.557007953480548990e-02  8.118364798001632965e-02  7.323252962811606370e-02  6.402245545521112469e-02  8.264580033568946771e-02  7.925324130658806254e-02  6.539496501823835461e-02  7.985137153473462202e-02  7.536646406864497272e-02  5.698851469729414310e-02  7.183378500451671755e-02
1.397006739061210367e-01  1.452610223456095029e-01  1.505722314992057886e-01  1.586596677764128827e-01  1.653961669517434452e-01  1.661014510133109467e-01  1.635122848453813005e-01  1.558458148372880159e-01  1.451407504753708388e-01  1.000000000000000000e+00  1.584772554124499744e-01  1.541501763454755924e-01  1.571144891810462851e-01  1.455879446065835026e-01  1.534682147906092919e-01  1.441543207194682097e-01  1.418389441666237094e-01  1.439516446511740488e-01  1.468377991693406159e-01  1.311579406458775188e-01  1.393651251020506243e-01  1.304737818243129344e-01  1.357662084580497364e-01  1.328707559729536414e-01  1.409956521164545673e-01  1.276422364437201085e-01  1.162136138063847163e-01  1.297442613910526066e-01  1.035800043658589853e-01  1.340686559606976413e-01  1.287740181765228697e-01  1.155534205297290284e-01  1.314201237540768841e-01  1.068745076652729831e-01  9.236989675173083725e-02  9.879074237206694753e-02  1.011090922544417153e-01  1.084996532326423652e-01  1.150893403084448652e-01  1.052757031622437583e-01  9.876601691101584424e-02  1.019619983746758995e-01  1.009203120848329721e-01  9.896482575470164078e-02  1.020233005388050951e-01  1.049600460729969015e-01  9.349906137064695200e-02  9.512564791787038454e-02  1.024928734666849667e-01  9.901022602301265407e-02  9.489609797407334846e-02  8.613158613158612698e-02  8.031244936768229536e-02  8.559970231942778951e-02  9.428668182477867310e-02  9.678461118057683776e-02  8.990747002259644183e-02  9.079487676754049996e-02  8.497333387615518818e-02  1.002391407597510303e-01  8.868594622019279616e-02  9.264017579831641813e-02  9.081698132324630968e-02  9.294912338401599416e-02  7.999114803213945579e-02  7.966962057988470625e-02  8.318476879376966726e-02  7.793167445697002371e-02  8.193400734810553365e-02  7.456672824843846303e-02  7.005520314219505773e-02  7.643990949514715971e-02  7.358043824529682253e-02  8.641943403540508495e-02  7.106208536190967984e-02  7.562824092540886001e-02  7.770398155476788971e-02  7.797308051624511627e-02  7.702869457914038320e-02  6.620941275362837719e-02  7.368011873630644915e-02  7.070760730981726083e-02  7.484692800337813812e-02  6.610234912883854175e-02  7.040764659376581858e-02  5.555100517832928242e-02  6.659910495681731213e-02  6.827885583891181442e-02  6.389827780460324846e-02  6.276002719238613081e-02  5.772071149611721769e-02  6.540945217144479573e-02  5.849712467096513518e-02  6.363872400239943550e-02  6.258084942783481708e-02  5.847921521868733319e-02  6.321040897628010802e-02  5.565715624183566190e-02  5.870995488776845767e-02  5.773911148243670438e-02
1.019732385840422667e-01  1.117276651330360859e-01  1.320998099782237922e-01  1.476552884088697670e-01  1.413958198712934600e-01  1.980444262741891392e-01  1.974706152404550608e-01  1.967012828344532616e-01  1.960346111970660832e-01  1.584772554124499744e-01  1.000000000000000000e+00  1.481819604569878379e-01  1.726283374741925392e-01  1.533768251899486623e-01  1.500360114951544976e-01  1.738482090155021864e-01  1.461245959303982545e-01  1.375538614517732849e-01  1.734113367795805383e-01  1.592723971554897977e-01  1.780278311786804013e-01  1.296673338394644104e-01  1.782689901535894905e-01  1.341370008991308316e-01  1.409371716747215841e-01  1.557260792086409551e-01  1.574912077313511405e-01  1.372408102424871601e-01  1.528804546165476175e-01  1.510203364210008226e-01  1.520887085655761861e-01  1.284800243744525228e-01  1.528144439387043030e-01  1.343353969958158145e-01  1.421636615811373017e-01  1.421514047585588081e-01  1.378321458977461167e-01  1.508515815085158251e-01  1.190514244615814982e-01  1.434698439522123781e-01  1.215694591728525981e-01  1.266805724788831189e-01  1.382712285210270786e-01  1.182304688307126428e-01  1.297514737191214351e-01  1.237480573303401804e-01  1.236026107183992445e-01  1.360931792598037982e-01  1.274516234831092054e-01  1.367410569605399806e-01  1.193874730499198400e-01  1.335014672433502692e-01  1.118439649486478865e-01  1.196766472474371096e-01  1.083752441006731182e-01  1.179185520361990952e-01  1.044828168063445667e-01  1.245680358095414830e-01  1.019988502189006357e-01  1.252709640616086750e-01  9.718616482531404477e-02  1.140055753148130346e-01  9.547709502399126524e-02  1.071238024542438966e-01  1.165110132158590356e-01  9.383905469374127783e-02  9.016142335336396751e-02  1.030694707275562061e-01  9.772282076395689965e-02  1.016148671086130328e-01  1.034178777422360973e-01  1.033298419116751576e-01  1.002840705640829777e-01  1.023386923389312253e-01  9.711861927746087697e-02  1.033908417441455757e-01  9.376080502664743688e-02  9.070049614973391128e-02  9.060463541729636694e-02  9.800664451827242885e-02  9.781142906630045653e-02  8.416376068800338062e-02  9.401173301848503305e-02  8.001012145748988280e-02  9.136017952873706771e-02  8.488351092649448759e-02  7.849380844073793051e-02  9.127580677490479411e-02  9.007059178819946943e-02  8.391267540596701602e-02  8.233755577209087018e-02  7.843430007589613506e-02  6.688579329055147071e-02  8.609605445606957619e-02  8.897188611189275897e-02  7.477375132430466587e-02  8.749237814766284982e-02  7.670591825834838229e-02  6.723868954758190075e-02  8.238910395740357828e-02
1.215107386796729777e-01  1.283591447739670099e-01  1.395516744356404826e-01  1.367442481798806231e-01  1.511163444961907132e-01  1.518387929974170936e-01  1.462025423109977740e-01  1.514000378156316051e-01  1.424122453096630936e-01  1.541501763454755924e-01  1.481819604569878379e-01  1.000000000000000000e+00  1.481646191190912898e-01  1.532469005855325028e-01  1.510464743891641315e-01  1.305930758195057162e-01  1.400559829089960406e-01  1.399277826098415944e-01  1.351092739311822999e-01  1.296690872722529031e-01  1.267388644705242651e-01  1.212646744930629683e-01  1.324414198437862400e-01  1.345484863295287881e-01  1.358639331550608453e-01  1.207404421568323422e-01  1.104033272235601659e-01  1.291649901687632329e-01  9.898974077844779895e-02  1.308263429767624053e-01  1.267397687496889525e-01  1.177162942181806393e-01  1.259744997073319606e-01  1.172931570565484416e-01  9.428232588226838351e-02  9.671547573146346832e-02  9.768756233607919781e-02  1.029865232814821813e-01  1.154930996272791333e-01  1.090007376925333088e-01  9.320837304528928335e-02  1.009684268673721325e-01  1.010193955796120924e-01  9.798808393057593935e-02  9.810911483104714503e-02  9.948778565799842877e-02  9.171361109561790292e-02  8.914531364896204069e-02  1.079955831508064429e-01  9.885805399128103077e-02  1.044755666401732119e-01  8.493390713302333139e-02  8.127405696689761483e-02  8.675688738521024346e-02  1.013923147119146356e-01  9.845833023013331187e-02  8.712735494991243057e-02  9.434679334916865057e-02  9.367120985128074562e-02  9.879436746479665354e-02  9.238130641579213320e-02  8.660015649452269815e-02  8.769709484341843553e-02  9.242260106049375590e-02  7.872019665645614561e-02  7.804982358601518511e-02  8.361088115819263755e-02  7.410930054252355681e-02  8.290299515373003580e-02  8.016107971252853237e-02  7.144744061287110204e-02  8.480844919997626574e-02  8.114943870503317502e-02  8.084642488660476189e-02  7.344151988917474450e-02  7.505931555877266848e-02  8.348803079046350495e-02  7.661089216386164635e-02  7.809136217523371393e-02  6.746547522339561842e-02  7.405478491662076390e-02  7.116680221291805941e-02  7.892349862945427508e-02  6.384107040874602290e-02  7.002197004817285741e-02  5.664325522613793823e-02  6.701577081380659384e-02  6.825171995143666792e-02  6.350076659863738981e-02  6.360205407411990974e-02  6.613614810538902267e-02  7.131573916630612464e-02  5.390660925546590654e-02  6.505602668130884558e-02  6.269676330788699625e-02  5.961441674626896670e-02  6.639125050729990929e-02  6.224015401314846041e-02  5.943545697131420724e-02  5.667104134588556164e-02
1.089264528428161433e-01  1.228512999088235136e-01  1.301939658676436185e-01  1.372625875255168437e-01  1.462761089676479498e-01  1.627414559652552439e-01  1.609930771067080435e-01  1.548054417788180259e-01  1.619228251111995975e-01  1.571144891810462851e-01  1.726283374741925392e-01  1.481646191190912898e-01  1.000000000000000000e+00  1.429901749082271578e-01  1.432296917637886358e-01  1.473653545027493461e-01  1.387615901097729865e-01  1.412202665307826788e-01  1.452965847813061651e-01  1.392463631729600471e-01  1.479987207557381390e-01  1.333911827801479988e-01  1.466304283803000486e-01  1.342089923444604316e-01  1.398168187948935215e-01  1.344559082818023166e-01  1.382603690780243866e-01  1.409084911262123152e-01  1.119152928561854971e-01  1.398618547431234038e-01  1.351741677642036288e-01  1.250781408207647660e-01  1.328877055132478002e-01  1.141299325385823904e-01  1.122603806142586508e-01  1.150451234958834723e-01  1.079566946440802672e-01  1.165389406923628690e-01  1.150040954563442824e-01  1.140270074280226587e-01  1.048527452867796528e-01  1.111290337884639073e-01  1.153382544853212149e-01  1.080470463153697935e-01  1.089002156439913688e-01  1.118719430858159114e-01  1.015374792754384359e-01  1.203886744694426109e-01  1.087393395254901557e-01  1.200220336216745592e-01  1.017031335232438383e-01  1.012398021455643282e-01  9.166104886948520103e-02  1.002460847808403915e-01  9.819183331337563714e-02  1.013109985662564855e-01  9.640408850211402980e-02  9.841427260162687041e-02  9.155463076130544720e-02  1.099179825154107670e-01  9.633017809118438191e-02  9.658614189358526170e-02  9.555917228551499831e-02  9.773444342439878418e-02  9.142344727459060516e-02  8.723597645429362335e-02  8.471510078249606945e-02  9.026682510532570147e-02  9.136752042026399789e-02  8.584846866096866591e-02  8.004093002103347676e-02  8.996745904803926663e-02  8.673143364633763286e-02  9.155639366648242461e-02  7.852703851290938897e-02  8.763946472511545405e-02  8.552076345458872741e-02  1.212332498093474237e-01  8.358536050843742848e-02  7.403451762807766734e-02  8.621808498735707149e-02  7.979355996858521205e-02  8.241892764138974981e-02  6.866158992567560071e-02  8.039748081884653952e-02  6.864419580094577311e-02  7.709062710260124185e-02  7.653921446595679523e-02  7.355146557600544810e-02  1.142513668782004638e-01  6.664740886244149842e-02  7.413238568633184755e-02  5.872067779903070855e-02  7.444326858521375934e-02  8.409911104449389885e-02  6.210007825806748705e-02  7.259138152516640685e-02  6.227992705334511186e-02  6.741625618645356866e-02  6.776204491205302383e-02
9.748156204329945507e-02  1.200625428553618590e-01  1.319164989939637933e-01  1.348391490979360952e-01  1.466474031266207234e-01  1.476802319492445670e-01  1.324870069012524521e-01  1.541207048786857603e-01  1.775799606665976471e-01  1.455879446065835026e-01  1.533768251899486623e-01  1.532469005855325028e-01  1.429901749082271578e-01  1.000000000000000000e+00  1.558059639961522636e-01  1.249860140381760798e-01  1.414611301904464546e-01  1.297309043497156811e-01  1.393188854489164075e-01  1.468701970661366596e-01  1.303399182848237192e-01  1.075078989267359009e-01  1.353794517348465842e-01  1.378535037433325505e-01  1.226565391609404365e-01  1.191205169348193704e-01  1.192174444670878325e-01  1.228498313759384536e-01  1.042168912777141077e-01  1.248939904108553878e-01  1.305531898963997184e-01  1.171523088775094090e-01  1.283646277310601658e-01  1.411668317963569730e-01  1.122598493775295858e-01  1.046271494878033836e-01  1.012318265926513416e-01  1.078528730260723961e-01  1.240810131385476495e-01  1.310068418282660518e-01  9.993273565110885603e-02  1.020665890023397249e-01  1.106227030810883194e-01  1.076581032507027413e-01  9.528437506327319673e-02  9.742453783571349002e-02  9.490225323603046492e-02  9.399664375033833785e-02  1.168252787335833931e-01  1.027112564616520785e-01  1.120603224997911290e-01  9.259094942324755384e-02  9.083149505049273320e-02  8.417217908158373951e-02  1.028565535732700875e-01  1.009316273063912001e-01  8.173924120506995128e-02  1.071869435553467892e-01  1.008573606658381971e-01  1.018320298632701126e-01  8.751809131178457657e-02  9.736702398030068484e-02  9.196760779163930255e-02  9.416006555585905435e-02  8.481510969568294145e-02  7.809451185323076916e-02  8.390166006853189140e-02  7.581049614902382605e-02  9.360019313230712179e-02  8.753781143925924713e-02  7.082738186582933360e-02  9.680482308123505852e-02  8.384873553412879044e-02  8.592705747565400343e-02  1.004453297615367918e-01  8.073788173835982906e-02  9.060327427674366718e-02  7.482947102136694451e-02  8.561885068963166756e-02  7.953191539559519019e-02  7.980403083495866967e-02  7.335134128166914680e-02  8.035466888334719116e-02  7.170379503716789449e-02  7.233649449816995092e-02  6.382130999094476342e-02  6.711902139803663236e-02  7.783298680856562402e-02  6.518200476538724142e-02  6.708378868486471192e-02  7.970901408112553155e-02  7.525676937441642955e-02  6.001829826166513865e-02  6.966220447322092613e-02  6.858388530225538460e-02  6.983861326957561955e-02  7.382143030538428075e-02  7.435821073321817465e-02  5.844795505126053337e-02  5.771731278593787706e-02
1.248688566335625222e-01  1.178041835448618568e-01  1.269440092580967350e-01  1.330761568987051668e-01  1.441614608361364847e-01  1.478608200693372343e-01  1.422368835957018574e-01  1.496047381855128422e-01  1.434040067351637360e-01  1.534682147906092919e-01  1.500360114951544976e-01  1.510464743891641315e-01  1.432296917637886358e-01  1.558059639961522636e-01  1.000000000000000000e+00  1.335581086199341960e-01  1.510838318700955529e-01  1.392621443254354607e-01  1.393171993600871295e-01  1.325132345050175076e-01  1.286055576512007970e-01  1.247691057311036134e-01  1.354666024046612960e-01  1.420329648528326494e-01  1.350663078992888622e-01  1.253311472580575514e-01  1.199882075471698090e-01  1.230818522140905841e-01  1.041433370660694302e-01  1.343382101050274446e-01  1.342293122865147181e-01  1.193599278791976498e-01  1.299517000439090464e-01  1.191572405691657677e-01  9.920048887304577789e-02  1.024755091256452921e-01  1.045972784111805776e-01  1.081468287772012760e-01  1.182019716051129626e-01  1.117773708674567879e-01  9.878539277623082926e-02  1.057826141971403289e-01  1.112236649578946246e-01  9.909339669493918978e-02  1.053457853634972990e-01  1.031729120371779607e-01  9.397067386586205329e-02  9.720832660964982830e-02  1.209239269978534814e-01  1.032920947787796251e-01  1.159411264038529427e-01  8.925619834710743494e-02  8.565984956112818183e-02  9.023065767606304466e-02  1.039975399753997609e-01  1.026543792485444945e-01  9.180099586462993344e-02  9.922827278549022079e-02  1.033119181309613971e-01  1.040332667001614142e-01  9.554001350850818697e-02  9.674487494529908360e-02  9.435685549635751401e-02  9.807306084785322176e-02  8.422139702489507551e-02  8.395347800900138102e-02  8.996661782365837634e-02  8.289775128450366237e-02  9.363188965139249142e-02  8.740424751158203109e-02  7.286965288442376343e-02  8.561071781643807277e-02  8.325248943453873729e-02  8.663341478927459594e-02  8.269180473271853238e-02  8.303512490011465130e-02  9.575582042998774523e-02  7.846260853956786574e-02  8.428132899963886038e-02  7.230468246623164563e-02  7.840785923483153952e-02  7.490922546774901603e-02  8.380157328624177060e-02  7.233596665764037426e-02  7.518552498635418246e-02  5.960558652520529799e-02  6.938156331949621447e-02  7.813721258501417355e-02  6.836285259113485113e-02  6.761349407934746925e-02  7.850476201828519851e-02  8.012055175611453028e-02  5.840247078059710578e-02  7.445997160524246705e-02  6.717491882634189782e-02  6.452991452991453658e-02  7.170575333220853553e-02  7.913881824096527517e-02  6.551794921332576571e-02  6.278541542139869092e-02
