1                         0.28598245515407344       0.2162060613043903        0.20992648089157098       0.21535210230202212       0.1390605786295752        0.11831110933141126       0.110900669517414         0.09549381959747573       0.12832409151377053       0.09631939113193128       0.11219205787602661       0.0976224325059293        0.09187997673138036       0.11361164273224195       0.0806207325515608        0.08850600207610615       0.09458610946384344       0.0734378425188006        0.07175343431037474       0.06928760151773185       0.06757641136281912       0.06683991363075878       0.08438031589570948       0.07105630525825965       0.06280416222954775       0.05544900316709318       0.06463954638407282       0.0428307416602886        0.07167333416338706       0.0597130083912005        0.05649825218728634       0.057892676882439466      0.04906976916631445       0.0402790224070849        0.042615748563703953      0.04049223634444459       0.04604743119760891       0.05141772737792178       0.04494900082093497       0.04234795114388466       0.04500392746657931       0.044379643234265145      0.044108584716148265      0.04210297542431788       0.041960247001632915      0.03642656529263241       0.03591992171201857       0.04404068592146015       0.038915869215489306      0.041190422812229774      0.03321423946247781       0.02975922977903372       0.03495520914690303       0.040929900260394635      0.03784378521033568       0.03565626109889446       0.03601200653520271       0.04160997946070211       0.03931178804435312       0.03569405745260749       0.03240217059003363       0.03534139598514141       0.03418108606051397       0.03052804495263185       0.030467002984117777      0.03238884900374962       0.028658836633568947      0.03171325121170904       0.027369995398067188      0.023663264206426185      0.02921991518528091       0.02826211826580131       0.031084483143644058      0.026510182154560375      0.02590314359843982       0.03185940653747391       0.028393644194892508      0.028773015639254777      0.023142722435508856      0.026314072425108907      0.028577573460225287      0.026406752950965187      0.02287036787443055       0.024262219489701815      0.019251902882957007      0.022529895438177582      0.02428787048519982       0.02219840400864383       0.0205837001642296        0.02175838467728086       0.026694632838355145      0.01851565340491533       0.023729792147806003      0.021353136905048947      0.01978796405765125       0.021640033869340127      0.022358534380919896      0.020534436753161377      0.019471756686056052     
0.28598245515407344       1                         0.19996610856556166       0.17610060617681694       0.18642976595193417       0.14602454858514605       0.1350935377527108        0.12297381507128717       0.10224219461946403       0.13776821527318042       0.10755100906798475       0.1222800848726784        0.11408240440683079       0.1134218562647433        0.11218895639147802       0.09366261063728147       0.0916043429100767        0.10461228172602303       0.09614102409011498       0.08298011400458336       0.08424388509550645       0.08679381672597865       0.08223324739720844       0.09112869134609577       0.09251835900833748       0.07479039580282788       0.06672654650266138       0.0852173766712383        0.05121325588937701       0.09227173217096636       0.08330485056685533       0.07213360877201527       0.07683438369319956       0.06060376302068145       0.04722322324707312       0.05344242784885451       0.052554621798278404      0.05824536924398273       0.0705403006359046        0.05288144846862779       0.05214182434290479       0.058199940127141775      0.053266846586000845      0.057121215235064256      0.054973177667925         0.05500341987093704       0.04782445103321644       0.0458756091956803        0.06010839316234218       0.05056382173866052       0.04917988650335195       0.04285418619656923       0.03725184707328651       0.04527027637079372       0.05675607174272807       0.04969257980291417       0.04627236998665914       0.04806281452737525       0.04758057276236646       0.05143658657979277       0.04871093204861385       0.044345857300208055      0.04865135319536047       0.05034397066399976       0.038992436890458074      0.04434838882987167       0.04421194221528368       0.03846411988309446       0.041152794420376684      0.03545230769230769       0.03077027830048529       0.03949109102349637       0.03744087840416729       0.043322225853448464      0.035906995599151156      0.035115318533324696      0.03917499343828016       0.04097801515415699       0.041969656575685424      0.02821818181818182       0.03549927596512309       0.03870613561642991       0.036322360953461974      0.030113801797783436      0.0338560316088406        0.02549440150413856       0.033359149911707305      0.03134976435138685       0.030232982729756743      0.02872003407356283       0.026911851098947212      0.032279264074740285      0.02696564718801083       0.030481614460814658      0.02935027414920551       0.0266789242709883        0.029754147935229236      0.02600601140864861       0.02974490114139587       0.025850725282382622     
0.2162060613043903        0.19996610856556166       1                         0.1896417482012364        0.18772464383740686       0.1520777409534664        0.13416251553411238       0.13683293090418852       0.1286728768149264        0.1435585332174091        0.12627646117631292       0.13359046561959434       0.1232060105843319        0.12451342573079116       0.12146703664301305       0.10189620475610102       0.10214525776788362       0.10773186635893069       0.09267308798074202       0.0967932954701251        0.09176133753412152       0.09255140109922443       0.09187192486577833       0.09628034160246622       0.09796855287136115       0.08397463154049312       0.07956623627257271       0.08250802540810054       0.06273679727961023       0.09378524050115877       0.08005309832408415       0.08057348541226858       0.07977644008092274       0.0738815023892644        0.06246300990938813       0.061708020335382044      0.05777328025691201       0.06513370614833555       0.07343399186537411       0.06577893787789946       0.05769043528513862       0.06158582566263033       0.06267766585839912       0.06337183023955362       0.05989635020399162       0.05971573565564705       0.049915015796498846      0.0529521481862619        0.06268366211559737       0.05835674157303371       0.05885925610295123       0.04772762605586361       0.04555345439473616       0.04950282749858385       0.057142676059462355      0.05257164790174002       0.04865051372488882       0.05262920246665118       0.05237207586062106       0.054415788984026874      0.05308991846720936       0.04752537161766047       0.0494949527536447        0.04890929373303328       0.04459128431312272       0.043485041457645625      0.04620541135704918       0.04135955997428421       0.04289649486694627       0.04551173672000944       0.03552917903066271       0.04309277070240628       0.04186558942343004       0.04273690438649818       0.039527165116165004      0.04018594871626394       0.043273759639309545      0.04037082021341374       0.0409099361557057        0.03493328849634546       0.04025383408910443       0.03813634482350854       0.03887514945051346       0.033091559474389354      0.036316890016964976      0.029385323261777518      0.03397516716944017       0.035823037748830534      0.03315609207754662       0.03269803513630807       0.03391043115069573       0.03627939074284024       0.027238389104644357      0.0348791200094963        0.03158546313981086       0.02940037660545449       0.0320044657394055        0.03286371012251184       0.029296407583694523      0.028913633696549392     
0.20992648089157098       0.17610060617681694       0.1896417482012364        1                         0.1813002353870494        0.16360243315241393       0.14845095308686343       0.1428701037911596        0.13375321598695775       0.15214053639891562       0.14052801563723682       0.1320648996297018        0.12983835957626824       0.12742924137579487       0.12830368034981543       0.15126919264925237       0.10878913718728825       0.11172349733519972       0.10635862357785998       0.10806264896152537       0.11321474656935522       0.09600258629880694       0.1000483833645371        0.10726485454379259       0.10289700412201716       0.10522213835594797       0.08757013254871418       0.09278587073671035       0.07925906465423141       0.10001246779153852       0.09051791213841873       0.08251279890896887       0.08578402712815715       0.07932875667429443       0.06547498594716132       0.07280403319073445       0.06327561272932393       0.08465760067003152       0.0800981477166822        0.07880612157358607       0.0668013488019727        0.06787218778168172       0.06742406920825071       0.06957142646820665       0.07352162861253364       0.06783540861707181       0.06011439509605086       0.061929294588060964      0.0711185534496741        0.06486048598045933       0.0679514331150185        0.057110064358590194      0.0515265044607275        0.06409623548531634       0.06164054524710262       0.06224030175276157       0.05505219879118589       0.061860253005445634      0.057914519345681294      0.06297077662434596       0.053739724818853786      0.054155697630688227      0.05287934431759808       0.05556726028814072       0.05663368165099494       0.04818475979139525       0.04691892391463405       0.05074381250748448       0.0474443877093622        0.045836701381973814      0.04894821529031776       0.04655128115292084       0.0472724741478657        0.051630624008665714      0.04461983155565597       0.0446034034284998        0.048233561747075264      0.045187797976665764      0.04671851569844686       0.04428656847935549       0.04445087677437777       0.04161819826806255       0.04472776103555424       0.03627842866988284       0.04153809357637732       0.036380929734871004      0.03745967471924939       0.039825962663650856      0.042031151667715545      0.03691540713777004       0.040261075949367085      0.03967209003417035       0.029216456908507823      0.03775529876496579       0.03797018040381362       0.03407887457519956       0.038960471718715875      0.03648558014755198       0.03215978199989672       0.036714394323365436     
0.21535210230202212       0.18642976595193417       0.18772464383740686       0.1813002353870494        1                         0.1675638075177803        0.15523068134106974       0.15116088861664398       0.12875533309938497       0.15958821992860156       0.13575743887979222       0.14609725550180147       0.13875460997076067       0.13998514099422274       0.14003834654403607       0.12018159750495476       0.12274263375422428       0.125921334129618         0.12481136846779797       0.10832444609540699       0.10818027051191502       0.10877771580538513       0.10668882632368809       0.11696556102205999       0.11220905577647802       0.09959255333244998       0.08783243799975213       0.10552255729893692       0.06925151600620505       0.1193954434134872        0.09977680487595501       0.09402731024112924       0.09700290461656022       0.08206955752672788       0.06621657293442322       0.07178277535047042       0.07343130816784041       0.0775411232715119        0.09048744958871306       0.07321587471080264       0.07410981034368291       0.07804293017718328       0.074030646951416         0.07290530805645695       0.07251034623779233       0.0728621680981376        0.06377610169260356       0.06311954820462597       0.07616937888727954       0.06943023013594414       0.07046954171827496       0.057513245614846185      0.05301104589360817       0.061087299386854414      0.07343561609451967       0.0662167440255057        0.06131831660273675       0.06235236808485216       0.06757633656584593       0.07100343432592802       0.06379278616120722       0.05966017652925222       0.06514433354634351       0.06469096788417726       0.053616530070414406      0.05587702596015418       0.05782537752899358       0.05303255261497346       0.05667598446616513       0.05075631516108714       0.043633742162526204      0.052833935102581754      0.05200585379451323       0.057113907106238         0.049793542399970005      0.04861959788799185       0.055580315691736305      0.05241114563776211       0.05500927253787259       0.0411349333940351        0.049493198688722255      0.049825455231625626      0.05038739657286767       0.04256733654978536       0.046848872471681895      0.03646124915665418       0.04416430756369578       0.04515490944883753       0.04220977814024723       0.040640117670093935      0.04169789791796963       0.0459285063558822        0.03693746459399514       0.04416996328656402       0.03976207625198548       0.03786972091226832       0.04229175459463608       0.03886184201133589       0.03902073876450322       0.03742776155217659      
0.1390605786295752        0.14602454858514605       0.1520777409534664        0.16360243315241393       0.1675638075177803        1                         0.1825200987025392        0.17279792877116865       0.18854092487399876       0.16271526980482204       0.19327764496107303       0.14935772494973834       0.15977445667049872       0.14482503301524502       0.14515458048695043       0.15562972070964343       0.13626211329754073       0.13767171821070195       0.1563856723490396        0.14756861306151386       0.15456599110550467       0.12849685789580378       0.14989987854118111       0.12895601757819714       0.12959176039302725       0.13888559807289816       0.13771853903410075       0.1245968601953168        0.11410598051636014       0.1424693750521378        0.13160500369559458       0.114134311627433         0.1331514596076927        0.1077878263827857        0.1100766744062773        0.11833834788048497       0.11196366933609674       0.12068705632397592       0.10593803118894633       0.10762311936920277       0.10102002654562253       0.10538668663335685       0.11050029130129517       0.10463666822783442       0.10639979319768086       0.10036743376522916       0.09844237715793268       0.10642159143787808       0.10114136259058581       0.12148407740362639       0.08955223880597014       0.10163178991888394       0.09045455979306646       0.09459780600550415       0.08740386847485042       0.09621803705404991       0.08409930680673039       0.09184916742166266       0.08062200595409004       0.10262855556669313       0.08391630279981846       0.0883406923913739        0.08076529296371267       0.08952288795592528       0.09018258548606792       0.08140644381540027       0.07435219877736146       0.07843635382099363       0.08005111366319978       0.07506332402416055       0.07401055408970976       0.07837316791830347       0.07886759124436063       0.08214487629695102       0.07194151621632537       0.07822498263392309       0.0727625284104455        0.0751660897164283        0.07567446007051812       0.06926571091746976       0.07579880403434736       0.07142973842861111       0.07168295947754837       0.06020591978052851       0.0708226894609288        0.0606080905688184        0.06378651852586677       0.06620068829003457       0.0679946922931107        0.0616190865621323        0.05548280550157224       0.06138119965654005       0.049641208772698175      0.06548129577093093       0.06465635695905264       0.05388130134079049       0.06320940321848358       0.05137562933901778       0.05415867245615807       0.06135225724483229      
0.11831110933141126       0.1350935377527108        0.13416251553411238       0.14845095308686343       0.15523068134106974       0.1825200987025392        1                         0.1776220757442428        0.14510083557310807       0.15926446840652186       0.1916883084217344        0.14389569915978634       0.15640096618357488       0.13004935725746916       0.13895832578584452       0.15733801717408274       0.13218487792035966       0.14168661271734864       0.16043877184889024       0.12821886545646835       0.16207422617799533       0.14643501484522609       0.14095900033272948       0.12684657918626724       0.1345743270585937        0.1254411721090251        0.11090259510816222       0.1362120694790524        0.09769197512388174       0.14569746409448933       0.1347274108782372        0.119223823246878         0.12119301139165797       0.09241908693618874       0.08564852446672884       0.10263979659744382       0.11871874151477196       0.11131379397786485       0.10369574456142602       0.09200501168263858       0.1020796486139867        0.12094099878517253       0.09606889703112693       0.09803228854290762       0.11111768434396789       0.1066827971646674        0.10197580324917711       0.09663001698399928       0.0926551341875274        0.10118224012610562       0.08259019490592691       0.09368787729569039       0.07653051925565459       0.09894423031126243       0.09842793485073538       0.09329810656098635       0.08792289190470338       0.08483679685669485       0.08095353759672438       0.10598378632759432       0.08314367255518225       0.0866914938950957        0.08896023665010236       0.08840793690806295       0.08320977996889184       0.07759397942848731       0.07332391413335763       0.08586489365609962       0.08074988740429365       0.07428420635967806       0.07097207561654352       0.07962507366628938       0.07286688948429688       0.08452443486033931       0.06901850550480206       0.07901609763046678       0.07125519473355155       0.07826835658670715       0.08002829565233578       0.06038510615843655       0.07369696052083728       0.078125                  0.0720749564480437        0.0587024281371455        0.07675175603906116       0.06004709192695866       0.06123431123431124       0.0620743019268062        0.07218284530466225       0.06290201726302268       0.053256567110471394      0.06318490709499595       0.04945800790855974       0.06590136870596817       0.06607061381794177       0.05545046224886742       0.06288530254839596       0.04925937019895065       0.05962698740247234       0.06432868271471331      
0.110900669517414         0.12297381507128717       0.13683293090418852       0.1428701037911596        0.15116088861664398       0.17279792877116865       0.1776220757442428        1                         0.1917576541398264        0.15201437057212044       0.1908998703282877        0.14856470803169747       0.1503304609206093        0.1502215914749527        0.1464090609545043        0.14692727405645017       0.14297743115466907       0.14112170680459027       0.14180268843014882       0.1577965715587448        0.1503820637365241        0.1240120696549969        0.14633998515084018       0.13112632163936042       0.12391932893092986       0.12434563924113147       0.11574163604718624       0.125757057186649         0.10175603503524888       0.13143835414268426       0.13128285117756494       0.130129104465848         0.12182403932379023       0.11774349802518816       0.12266990547605218       0.10040805581150454       0.12333435510917976       0.11818686028336611       0.0964103408529557        0.11201936051117321       0.11057493450985799       0.11275373807736745       0.11385951162811177       0.10590559157212318       0.1010306411526496        0.09829572836801752       0.09915508312891796       0.09202809821486112       0.10470667279606775       0.10423746383147496       0.09775455242647452       0.08985913110486698       0.0932355399453434        0.08793563736084122       0.09088500264970853       0.09905801503186792       0.08390938581510296       0.08990391310402451       0.08655210890426245       0.1048002194386029        0.07828943083379081       0.0924972539280768        0.08430734925206727       0.08439601205657316       0.09133173365326934       0.06807469438464384       0.07541285437841697       0.07737526149884988       0.08696830389547544       0.08215448932963881       0.06836438554264603       0.08580800771828269       0.08261356517777482       0.07759685356538921       0.07540058372151458       0.07967151424875545       0.0783221024897406        0.06886084649013956       0.06839690553433282       0.07040998217468805       0.07695386868440322       0.06893714554376891       0.07909154491762511       0.06760876689474364       0.07118793890880519       0.06641641944663075       0.05858214516369417       0.07210884353741497       0.0646061854037144        0.06336924190047431       0.06321054111597638       0.06641559766191989       0.05645710337259046       0.06227770347253183       0.06445469125902165       0.05348986296978925       0.06587099587292251       0.0621695496897508        0.056235091102877735      0.061319424866084014     
0.09549381959747573       0.10224219461946403       0.1286728768149264        0.13375321598695775       0.12875533309938497       0.18854092487399876       0.14510083557310807       0.1917576541398264        1                         0.14102526857667436       0.19103255011856005       0.13938996392259756       0.15614000178398665       0.17141508386093524       0.1398747247168271        0.14388059255496374       0.14093949268018896       0.12170902532828265       0.1451878256100905        0.1937931925337467        0.15635553154126705       0.1119849165198839        0.16577401071187145       0.12384403998566251       0.1226562563276017        0.1393977862602057        0.15416387586514846       0.1189364483759784        0.14049413943854128       0.138106771621758         0.13923087758839273       0.12139734823064227       0.1338945178564549        0.13601758781909123       0.15698765126682745       0.13325526210360875       0.12022054925246528       0.13790409219650357       0.1056918322969519        0.1420241184551977        0.11619066773934031       0.12058566819327443       0.14404917846791745       0.12034637134778511       0.10300002031157963       0.10570464636935098       0.10746613596969891       0.12444164284705089       0.1207153811083019        0.12087224772344192       0.11307442688160788       0.120441410643297         0.12757719054242003       0.09961718599627879       0.09085827847472364       0.10769444236906427       0.0884125920964501        0.11342706927019877       0.09503547585859962       0.11017442487225372       0.08773455125735982       0.1053958018776891        0.08589132297686274       0.09465340890404202       0.11793960923623446       0.07931558507345078       0.08296418315784787       0.08143048083294958       0.09183897044408824       0.09795123308636822       0.08779978897701272       0.10447829783322994       0.09252957746478874       0.08744106300900129       0.09158934450763244       0.09384802659300528       0.08665429390922895       0.07473285386936497       0.07734819246842814       0.0917840041720002        0.0864397496999429        0.0724337603088261        0.08149555226093402       0.07715634625218519       0.07724717452791437       0.0853880282202342        0.0693980032604686        0.08684067812595789       0.07525709682005592       0.07343433368715623       0.07887758545875319       0.07200431135479639       0.061464738457024805      0.08054359813582838       0.07735231864537233       0.06459675093722965       0.07789388969503347       0.07398904751656026       0.056283345745784856      0.07015040866663443      
0.12832409151377053       0.13776821527318042       0.1435585332174091        0.15214053639891562       0.15958821992860156       0.16271526980482204       0.15926446840652186       0.15201437057212044       0.14102526857667436       1                         0.15382405229227647       0.15186736680630125       0.1526561924069296        0.14156183297564834       0.1503023322775698        0.14120381819081063       0.1382569330165906        0.14124055483917616       0.14347660707493343       0.1276267668281111        0.136395629326427         0.12736362536789905       0.1331965353825108        0.13046481920800856       0.13672220827442222       0.12522043386983905       0.11315709780111828       0.12639599135120294       0.09818561586183247       0.13169027036968917       0.12579627314401381       0.11288606440498852       0.128500823723229         0.10318506065700395       0.08989231816180297       0.09568980660821795       0.09864076398720141       0.10661569991019412       0.11187030577883579       0.10160436285234155       0.0964572649237028        0.1001078084090559        0.099227836339752         0.09695792580945994       0.1001289995805535        0.10224228119418219       0.09115555445683254       0.09335957698787344       0.10059566395228257       0.0968401760730474        0.09299876034062275       0.08418441042024233       0.07878335003311653       0.08404648749269          0.09185320835642515       0.09445477126548338       0.08792127921279212       0.08835442612480882       0.08377396438187304       0.0981492378971099        0.08671561857927178       0.08967217920640122       0.08811484026136755       0.09043892937502099       0.07859558705105492       0.07809742473827597       0.0809091449586791        0.07584413807259416       0.08018637442412398       0.07298182901400059       0.06888686944281107       0.07466959010902004       0.07235877607359334       0.0842936204899395        0.0689456852305306        0.0737511802130119        0.07635535463543272       0.07586712051359386       0.07517169110323983       0.0644914174750363        0.07223766137826713       0.06906223539373413       0.07343272606301487       0.06431505626004644       0.06924967727103927       0.05433709290211532       0.06463083410764063       0.06716172934799003       0.06246048354779821       0.06124825127487703       0.05679491227278878       0.0645844923044319        0.055663937863511224      0.06282414585895311       0.061237538611168645      0.0570760023399181        0.061619654231119196      0.05500112082492715       0.05734166378258256       0.056673206810188156     
0.09631939113193128       0.10755100906798475       0.12627646117631292       0.14052801563723682       0.13575743887979222       0.19327764496107303       0.1916883084217344        0.1908998703282877        0.19103255011856005       0.15382405229227647       1                         0.14523967738993343       0.16608027521305557       0.15079353659764888       0.1461598049875985        0.16992337610918323       0.1421708647104648        0.13490005036950165       0.17052680602575815       0.15435891393270154       0.17421824018060283       0.12799779076089302       0.17457584106728538       0.13057803228349724       0.13776738137260697       0.152111241462727         0.15420807059328817       0.1348541829276946        0.14543814946469952       0.1488520789053031        0.14900182382806723       0.12593141727493917       0.14887930510842495       0.13164771523412672       0.13844547866556478       0.1378809712124988        0.1361192023302711        0.14684610643106635       0.11739243702531012       0.14047095424556133       0.11882614683758873       0.12400045398735027       0.13494662851049477       0.1164390636943991        0.1269589791898604        0.12047541284998972       0.12063973216305479       0.13291015512701096       0.12477858689234403       0.13333183992114783       0.11635720601237842       0.13068563944639128       0.10907161803713528       0.11674277704932857       0.10598283130556345       0.11378481740955089       0.10178745969508701       0.1228255690995503        0.09963814224219018       0.12226377234585918       0.09590397949076501       0.11120343943061527       0.09477504303726794       0.10514466094908724       0.11426555333411736       0.092976069702214         0.08896646068210765       0.10025838562566233       0.09565675242141869       0.09909233099745064       0.10060402769195849       0.10183920382476339       0.0974910394265233        0.10073680685134682       0.09484697369707637       0.10078869454880203       0.09087114662214538       0.08957450904890257       0.08925455602946879       0.09535816040947026       0.09558359230873996       0.08262572263318207       0.09155328100779962       0.07768316906843457       0.08939955337649862       0.08279531015959919       0.07737982199602467       0.08897858897858898       0.0875318194419941        0.08158861458627688       0.08039633442000153       0.07695564465917865       0.06438836266986307       0.08438765341776304       0.08714245473867506       0.0732724435234221        0.08534414428461909       0.07500254504733789       0.0664350677231742        0.08019779031136522      
0.11219205787602661       0.1222800848726784        0.13359046561959434       0.1320648996297018        0.14609725550180147       0.14935772494973834       0.14389569915978634       0.14856470803169747       0.13938996392259756       0.15186736680630125       0.14523967738993343       1                         0.14548725861972026       0.14989644895691268       0.14850674945498385       0.12832261503890302       0.13721337914592244       0.1379441582729092        0.13299041455522315       0.1276050712052796        0.12497740555522083       0.11949280987763854       0.13087253496153076       0.1326346042481394        0.1332123807104757        0.11903786232864533       0.1080739427370633        0.1274579555259533        0.09516754542681598       0.12928938124831127       0.12455613220431576       0.1159766922965793        0.124191746504621         0.11393270374965188       0.09218444073215858       0.09398701589433624       0.09661444430125739       0.10161243338645282       0.11312300721597583       0.1062943522243834        0.09178327825047465       0.09972742203152274       0.09937006317340787       0.09698409419541416       0.09690231749915776       0.09781393893334525       0.09011967715001391       0.08820846537958792       0.10668014002670613       0.09746086380327447       0.10253235995557902       0.08364463992471022       0.08009366333023042       0.0855108209854793        0.09981972237245358       0.09661263296271952       0.08615424359009845       0.09262578840043628       0.0927058180327122        0.09741339060603231       0.09112773663646821       0.08545623199726603       0.08598006644518272       0.09089961627741722       0.07784844073251092       0.07702373913127769       0.08228540710733964       0.07258056713847583       0.08192389529417586       0.07900571712652249       0.07012636933896776       0.08343691427444017       0.08015289392498884       0.07972266998116176       0.0721781923829476        0.07417505312537588       0.0822605174701888        0.0754669112624656        0.07693364473141916       0.06605876393110435       0.0732737530580658        0.0704116698225682        0.07772391321624414       0.06255016917808916       0.06952328326719244       0.055855074259982235      0.06577542825191887       0.06747352496217851       0.06291779767451282       0.06279825571828204       0.06516465896476586       0.07030215480919706       0.052532481717656114      0.06456844559322893       0.06175625769388592       0.0585738887977694        0.06527087204293262       0.06177905718543925       0.05864810100275367       0.05606166783461808      
0.0976224325059293        0.11408240440683079       0.1232060105843319        0.12983835957626824       0.13875460997076067       0.15977445667049872       0.15640096618357488       0.1503304609206093        0.15614000178398665       0.1526561924069296        0.16608027521305557       0.14548725861972026       1                         0.1393840721582205        0.1401004888647474        0.14424369561684713       0.13639130066331287       0.13936728085508782       0.14386128145485302       0.1368106232802967        0.14633780393268261       0.1301123742323272        0.1453291932903932        0.13265547038546896       0.1374211924344737        0.13287565433793871       0.1335021143491382        0.13800444202321585       0.10773215091526221       0.13970057046060333       0.1333444438271948        0.12271552148282          0.13199935452638373       0.11222133908633285       0.1088750190287715        0.11148197596795728       0.10773131867558515       0.11623408493807201       0.11314901337745481       0.11252079450023049       0.10405998355800755       0.11042612812832157       0.11564473871275667       0.10810915387368564       0.10831408083050796       0.11082614753932833       0.10132339471273807       0.11792755420604713       0.10825368003345949       0.11793181154279514       0.1010396595604373        0.10161622355569182       0.09122937546500941       0.09882258862151327       0.09754109219120989       0.10013443683569298       0.09610797237915882       0.09776741374098545       0.09141925766985083       0.10988195114707848       0.0958586798865629        0.09619676814570127       0.09496126125152632       0.09806120468416399       0.09030469099682317       0.0875868785692151        0.08466951962962557       0.08845550721116682       0.09116253768217775       0.0858171543159238        0.07930408049189491       0.08886329505549721       0.08678313079505046       0.09091211533130025       0.07786212904612669       0.08675552284462436       0.08519673545219296       0.1168664622247003        0.08278431856698729       0.07334707135622227       0.08672055691680597       0.08027032618440108       0.08188305997245524       0.06870692676089242       0.08034314177658887       0.06734511694340296       0.07487318544145492       0.07669411533071586       0.07348268839103869       0.09966242226828546       0.06663904835177842       0.0741968530220887        0.0581585137535404        0.07538905973348244       0.08011999102429346       0.06206855861702755       0.07278821980126901       0.06252128471610592       0.06769909382940979       0.06812380534020349      
0.09187997673138036       0.1134218562647433        0.12451342573079116       0.12742924137579487       0.13998514099422274       0.14482503301524502       0.13004935725746916       0.1502215914749527        0.17141508386093524       0.14156183297564834       0.15079353659764888       0.14989644895691268       0.1393840721582205        1                         0.15118108072836173       0.12328613423692301       0.13731949106236827       0.12708220022480873       0.13826245151546357       0.14295184813892572       0.12852987926544693       0.10656287524326115       0.13338656760463138       0.13425538194029019       0.12105924814469363       0.11733152207041285       0.11812828444709478       0.12177993912703405       0.10117212828570003       0.12375353725912949       0.1288459548691129        0.11475648082547642       0.12668827660723933       0.13980055966381705       0.11135664277895954       0.10290712631849755       0.10046952346555058       0.10632178285624841       0.1238249904470768        0.12814370036597922       0.0990450094693154        0.10106388203974577       0.10851303458323432       0.10638841902364186       0.09375953771339045       0.09625558580307154       0.09407224782934934       0.09285815394331384       0.11547085201793722       0.10159411208700177       0.10975481868327776       0.09164240050875255       0.08938385561240984       0.08366721659203394       0.10242637909581087       0.09794801056469808       0.08077795647959782       0.10642766811458734       0.0992178067090136        0.10076682147100119       0.08706294862889087       0.09597907069328329       0.09109521188772703       0.09364599923114943       0.08377452507007163       0.0781385696400979        0.0832571313870241        0.07431831737207549       0.09225258536021723       0.08629683415625908       0.07018377505078464       0.0952918153562795        0.08261645103750367       0.08523767545941548       0.1000761298359748        0.07996340776881215       0.08806193862486335       0.0746743652110659        0.08548612223417157       0.07866983372921615       0.07860353785976998       0.07257979440413537       0.07903532797920246       0.07033139888222886       0.07211148350679132       0.06275357741551468       0.06703630835270971       0.07666863555818075       0.06496343432424731       0.0658511821302519        0.07788192095854672       0.0738401577761082        0.05735566145214441       0.06918186679341691       0.06789587852494577       0.06988392814140539       0.07270549995723206       0.07287148642495986       0.058090169450052         0.05752641271687506      
0.11361164273224195       0.11218895639147802       0.12146703664301305       0.12830368034981543       0.14003834654403607       0.14515458048695043       0.13895832578584452       0.1464090609545043        0.1398747247168271        0.1503023322775698        0.1461598049875985        0.14850674945498385       0.1401004888647474        0.15118108072836173       1                         0.1310487444608567        0.14711025180825907       0.13687090812715785       0.13643090922929899       0.12955032973692815       0.12624701009276004       0.1224993059298091        0.13297412871498823       0.13957697271096284       0.13196166584003968       0.12329683907059752       0.11665978814142249       0.1209388853041489        0.09976852760014124       0.13210789807965329       0.13119306820706508       0.11759760296945575       0.12787684948798012       0.1154566611795425        0.09692246811360385       0.09910401876908764       0.10255714717941762       0.10622636607684093       0.1152917070052918        0.10883331329405635       0.09703007556026501       0.10432043899988407       0.10867887747228201       0.09772232699840418       0.10333483325833709       0.10111452107898562       0.09229376532878601       0.09558524853019776       0.11875937050598183       0.10117867946177114       0.11371292585686471       0.08764861728449125       0.08368521233071521       0.08887299199427712       0.10145591996006154       0.10017851517378977       0.09008556664365364       0.09697126697320985       0.10200503321094105       0.10231068599484629       0.0932860049348513        0.09481623635998483       0.09260919825844578       0.09595066626417698       0.0831050327988736        0.08214752030451236       0.08826393828308804       0.08137172636134787       0.0919824147933285        0.08564007928371266       0.07148678542321574       0.08383287612467685       0.08195904262977771       0.08470723892098056       0.08044793846501895       0.0814486921529175        0.09437884215647252       0.07701827344385849       0.08229630710189975       0.07056139493196448       0.07720133705755758       0.07381871667585953       0.08209388335704125       0.07102816835614519       0.07412445530629655       0.058453226708554976      0.06805646442927923       0.07667813017450006       0.06713752138044983       0.06676693153961843       0.07663633243790162       0.07866965878358939       0.05673010006959276       0.0732070901171593        0.06591019116553117       0.06354187558250651       0.07004356776942595       0.07788853275098917       0.06396951321812909       0.061723266110365944     
