0.0	0.15484435101335325	1.0128436561734435	0.6873139446072565	0.5091521009525195	0.8693888734579797	0.9519732112349416	1.0304472903206454	1.0673604412274478	0.9250941544633701	1.0858757282627989	1.0577554587183686	1.094546813700834	1.132867103887862	0.9722993529859616	0.9806203832671335	1.0412463651122918	1.0338698623452403	1.098073494542567	1.0462860741410633	1.0435057902130203	1.123286237236326	1.1269038217363094	1.0458577573766201	1.1372016813816164	1.00426791012333	1.0975804393167272	1.1363505173763087	0.9918998825210105	1.098596533144736	1.0954180445155874	1.1503862447544413	1.1255296967074744	1.1171980259929783	1.038017133128533	0.9983591471841635	1.092815942382706	0.9693814326984537	1.1768932654245627	1.0704951238791736	0.9830822119456036	0.9974952157969139	1.0397329266231976	1.0821659401942954	0.9567029715047916	1.093910519392294	1.0647976295725874	0.9932529679470299	1.0230528859752572	1.0672874324596482	1.032366043977535	0.9960929456041885	0.9506838079460179	0.9265463668346628	1.1441161316594908	1.02956719018312	1.0653015579973553	1.024831278132326	1.005552990334295	1.0520109667041153	1.1117306599151258	0.9550341754496352	1.0601530616083594	1.0578474957030846	0.8786682889287769	1.0318574649035648	1.0018034551019854	0.9162313090769671	0.9432646831204353	0.955198775973944	0.888409625791284	0.9954658034875989	0.9804227585156394	1.0412988892983337	1.004388752457812	0.9245233619727504	0.9827165073643395	1.0971331013177557	1.0487536333201426	0.9305792323468363	0.9673937873694776	1.0214467653047676	0.92647504574007	0.8973634775457761	0.9485337446119874	0.8344801451377739	1.0114240659883678	0.8673435697902278	0.8578989186994389	0.9754173432504583	0.9371782776995192	0.9792509640381157	0.9186832373729843	0.9487299423479619	0.966618955685071	0.982864216221228	0.8756138522340257	0.9475828381513842	1.0544606229837012	0.8534139889862186	
0.15484435101335325	0.0	1.061562074112688	1.0824263747386764	0.6891975710335625	0.828199535285876	0.875252212298336	1.0019476644876835	1.0330892131993885	0.9055085456408455	1.04529584895417	0.9480662063373433	0.8680365971999995	1.0459123219709818	0.9531479155545955	1.2146579624318958	0.9900732610369074	0.9183699650371727	0.8676582768203149	1.0144490076060442	1.0057388900020467	0.9912358054941403	0.9063000931656975	0.9921341046516381	0.9435015588616898	1.063588008930738	1.029037332798295	0.8888399343303289	1.0200959910308545	0.915049021653193	0.8186651936526194	1.0523671901899097	0.8542929006933684	1.0230921696740685	0.9767620891962031	1.0150415568913143	0.875171225712146	1.1445094120857398	0.9768940460539346	1.025277888420135	0.9645983553933245	0.9229360370195505	0.9552508514183815	0.8433682339996713	1.175009058948801	0.8358624033387038	0.7568246678436847	0.8956503081389573	0.9959123745265792	0.8881006399862059	1.1090609505125721	0.8333428455780192	0.9542782322856177	1.1049026623647287	0.9199953919293635	0.8256852395489829	0.8153321328638525	0.9386929271410275	1.0400477288908283	0.8349564683760365	0.843787419651499	0.9286963140625566	0.9125287034872653	0.8322828595911118	1.0785808043606635	0.8931441537585181	1.051330166900383	1.1395164328817704	0.971423314999403	1.0737358370466286	0.9414238080910817	0.8119659530277159	0.8261610361300225	0.7837715755049746	0.9472840214148596	0.8860381887503358	1.0634038371767618	0.8070699913494687	0.8987888183797142	0.931665594412425	0.8339761556346905	0.753852034311738	0.9316180232926615	1.065694159361882	0.8976944156339897	0.9761217601054136	0.9346881088459682	1.0537263282696157	1.1486443921630882	0.8765432683807967	1.1283985630490263	1.0495454313277384	1.1986200550341375	0.8596834442609649	0.7796654755638857	1.0725509286491894	0.8958405195708725	1.1498476570742404	0.942287804255332	1.1837706729145683	
1.0128436561734435	1.061562074112688	0.0	0.6025951677996315	0.6343039647974447	0.7963760745923587	0.9378591391661562	0.8745326356555059	0.8603886538691985	0.8003377337144519	0.875491108148954	0.8002015211887789	0.7325705171927066	0.8545261489671503	0.9916157541354228	1.0495681483940578	1.0596867251319937	1.0755719806475788	1.1337653565683874	1.1238790350525056	0.9998289340242373	0.9475273435563761	0.9957625425321599	1.1106209736204191	0.9915157758345077	1.2124932128213073	0.9758879322905933	1.2140700904879487	1.017519570849699	1.1058826558907668	1.1290663124416311	1.0002806394838255	1.01569171040043	1.0061662071192345	0.9792198213797054	1.0210662053511108	1.002727195402549	1.1233234268646601	1.0255232565249621	0.9940441120078721	1.3683949993234272	1.3573530178090953	1.018060322674113	1.1159915469018606	1.1390098165504416	0.8726965214340495	1.036900120345523	0.9727318747556776	1.0524301758092238	0.8862420061098182	1.0425942500798258	0.937345378881665	0.9773442453951767	1.068267380722365	1.1173809106772914	1.00980406707353	0.8856961390741259	0.9938165071691953	1.0834672159620107	1.0882703667143527	0.8478303607709472	1.038609706440906	1.1018112807258815	1.0448784014743118	1.0265674272253713	0.9395176973563683	1.0300899490619724	1.0838139359159737	1.1004460991219114	0.8821409540724086	0.8802844094456163	0.9981321711773237	0.8873296248751802	1.0196847991624747	1.0922575141013993	0.8789039617275383	1.0570132471755602	0.9077467670264114	1.038457883255885	0.952826675233198	0.7817332397261046	0.8484235501892945	1.0357549810511184	1.036245223543611	0.9084908903156089	0.8175367351350569	0.8122300490544542	0.9954088598351446	1.028628064819554	0.6386223838500908	0.9448874309881837	0.9333289496182403	1.0536699554194255	0.8022053277519425	0.7261472518509153	1.1810677372109586	0.8594255577158396	0.9174243645897342	0.9507895092736052	1.0118232716142401	
0.6873139446072565	1.0824263747386764	0.6025951677996315	0.0	0.19296554924240794	0.5182041511101838	0.5695769402517231	0.6562130414795594	0.7755044627780872	0.446712076110684	0.6228437061243346	0.6377102477756293	0.759254597021631	0.6789022607756439	0.6449237285032274	0.42885433736363	0.7841406226600877	0.8290180356387317	0.8841435842571124	0.957915221676282	0.7885412082500883	0.8941227421708586	1.018064075702563	0.8251691768348443	0.872054498438986	0.763707626653619	0.9322219089474062	0.9529483106516836	0.7833623839776012	0.9307917311534084	1.1478667725458762	1.0023795938360096	1.120765875764842	0.9717563612268878	1.100728922476144	0.8668362432092819	1.2655648948374312	0.7098817197518259	0.9629912694435011	0.9901228921226294	1.1391262876227086	1.1488122972484869	1.1306538760027558	1.2946821013949796	0.6137951793353267	1.3197858506057702	1.3659292943769137	1.0913765185022082	1.0393762177028205	1.1866637191925389	0.926915844226332	1.164611522810338	1.0769016204682793	0.6985547855025024	1.1033458490461814	1.2911671142079193	1.3807751990439043	1.0765881810559836	1.0474955265161523	1.272831786523191	1.3096014500584312	1.1367246986342323	1.1308420939761872	1.2416059784745046	0.8233655558082547	1.1384139084414069	1.0386626233513354	0.7085494205076455	1.1340479712789158	1.01125329054331	0.9375407370327163	1.3032382705490453	1.301028160211363	1.246329344912009	0.9405625941326677	1.1956377606293311	1.0452304397737215	1.2633535718485327	1.0284691613585382	1.0060349987501256	1.3095030728572883	1.3785276715942323	1.1894196373299217	1.0078100297080121	1.176610515863664	0.9605885583186599	1.1313899003620942	1.006269870549349	0.6905566080323153	1.1650446370938103	0.8844571404042011	1.066609555255786	0.7290355453439477	1.2834890737047333	1.2837132503694026	0.625301626084628	1.124754062835363	0.9130943412002812	1.0907164878360636	0.6171384123053492	
0.5091521009525195	0.6891975710335625	0.6343039647974447	0.19296554924240794	0.0	0.4049790287309716	0.36934023352943746	0.5194654854672096	0.7858634493874193	0.18760790292227247	0.6302551694356071	0.3191079388942366	0.4853594079698026	0.45405405891551986	0.3611956028232758	0.6645965037009186	0.5007702233648249	0.4697554934989997	0.6084241865061675	0.8922545727963429	0.9000703537003409	0.7144045665438015	0.8868816477534207	0.512183323876305	0.5521963031844119	0.8700032050147701	1.0318681313353333	0.596994497064806	1.0718890155601193	0.6203203074139588	0.8120750103853087	0.8008243805351667	0.8353262374834655	0.9101104169206284	1.175390906721754	1.1086813109199545	1.1585259609174856	1.0189619380050328	0.6769106465604304	1.037716935209867	1.0548803188134748	0.9817423935483542	1.0857001201988912	1.0807979604326665	0.8712520536974241	1.1004026308124915	1.2364261860339192	1.2551878997209982	0.9362337420913802	1.195374675050361	0.8989287964104382	1.254887563583259	1.2242160612709836	1.034052727416087	0.7529194891431423	1.1320236047121115	1.117879816245789	1.0985603073666168	0.9034378879573615	1.0947133846325126	0.9949140984266333	1.051217069321706	0.796011392580668	0.9862611143310459	1.207964682265041	0.986975189926357	0.8193484616486735	0.9746256873077471	0.9215745013542632	1.088064160419276	1.2601934387496487	1.1697153273190566	1.2713449733542534	1.062135490419626	0.9334642323725681	1.2742390260248697	0.8960167911708242	1.0319956996036408	0.8588514372223766	1.1784356413526202	1.2696376279654973	1.0808298132898562	1.0917581118796413	0.9461131762372149	1.1599271433388618	1.305625576881777	1.0066965594514696	1.0463655505788012	1.0251722956295801	1.2253879632329148	0.9668002272286157	0.9573760745488178	0.7705371319386103	1.1661332115254366	1.2897472772523075	0.7417328335506919	1.160928168034637	0.9828660908899431	0.9450291592177857	0.9875091139724173	
0.8693888734579797	0.828199535285876	0.7963760745923587	0.5182041511101838	0.4049790287309716	0.0	0.1403634670474544	0.10833603453417662	0.19404442102458186	0.2046895060785583	0.06350919891133278	0.35131404133585387	0.14413749989033986	0.3521975334995484	0.4656794392007564	0.5209389729069199	0.4085451614305463	0.5083903481248067	0.2754828337159221	0.3018086043340952	0.23793229823565853	0.6254159919678486	0.2010202525902518	0.6563605714948748	0.49406843280763113	0.3316168467890457	0.35682035748169827	0.44627758661402295	0.6042452852284685	0.43773880542522425	0.4284115782655561	0.5200237714667822	0.5521654362588518	0.6081739538544525	0.6008003423800372	0.5987232899358901	0.6302435196046212	0.5568084559631843	0.8282375085926574	0.6387139977120179	0.5631492808023204	0.5916394663330728	0.5885424112880269	0.4642309435583175	0.8101904732709512	0.9361540245239911	0.7286711389273852	0.675213932515237	0.9075955295140261	0.6615409417717861	0.9783183134221717	0.753667814632016	0.7406729939941621	0.8636330191198913	0.996450544626014	0.7736299787065267	1.0542115540020018	0.8716533835047837	1.1759875031876967	0.7429064097379866	1.1442880639181743	0.9380470275257453	1.0920419104767471	1.0580551645602	0.7969115983103396	1.1742276154737001	1.1503293357118387	1.0080400471156445	1.1331420611011527	1.1216498434776192	0.9453177744016478	0.9131173184908724	0.9865596286317839	1.0613495284608327	0.9524821046910942	1.0293159954566589	1.2549217249023015	1.1148386836212754	1.1744329499812327	0.9201815586208412	1.1014347488893659	1.2281039571807049	1.2313375377369398	1.0443946919923621	1.1797213546390015	0.932603125107711	1.2338464208622288	1.0712034577211444	1.061979841072317	1.1584024894943497	1.2593040234842183	1.3812582150765786	1.0171948265068684	1.2215296594935432	1.1182348311593109	1.0077444258619814	1.280473541202463	1.3065841361096462	0.9999801764311851	1.071222362149515	
0.9519732112349416	0.875252212298336	0.9378591391661562	0.5695769402517231	0.36934023352943746	0.1403634670474544	0.0	0.2815198003530992	0.5421849779663026	0.11232492402215277	0.24865666131382858	0.25410641292890623	0.11940878016776524	0.44945640628155314	0.33645272763853773	0.3583330674797133	0.3844408002860725	0.2204500566581642	0.14608104549313206	0.5426738363793601	0.3396640021204038	0.31177369815965206	0.3780381100743494	0.42897145216485144	0.21111418994579645	0.3200879734977571	0.547006276425186	0.21803683730147605	0.907334805384908	0.1480148029179752	0.3849627293074839	0.3988279177858881	0.45240752763596614	0.9260283312270892	1.0500573702773957	0.6836512427817704	0.7686693963629533	0.6046433583920174	0.5423373786842987	1.0004357284634473	0.5924905513102608	0.47228945419534885	0.9240224401494527	0.6386822646413555	0.5813308095865013	0.8205251533457011	0.7857617799855146	0.9323045944746736	1.0093479336401203	0.8591407677460515	1.0748566193295646	1.0288537148567665	1.1659121372893042	0.7499900103337616	0.6074387563559354	0.9729773220051554	0.9191412601467136	1.061929892429089	1.0204601588200002	0.6965736940829044	0.8668489970397989	1.0475881286814133	0.7270614327310823	0.8368365433158644	0.9673874727798065	0.8743129823779957	0.9553367760518873	0.757816859886215	1.0435414015923388	1.3129589056234918	1.1708304988604712	1.1368352822812944	1.2832478884209317	0.8251264323240227	1.1503094087024	1.2348242001514314	1.156509828045941	0.8092386586766098	0.8577111393610032	1.3245201244535885	1.241357430943252	1.0009032378037073	1.0656457158502126	1.1822533788338774	0.9675652688418162	1.2540176611393248	1.0821232966482202	1.3068316171641257	0.9010748581711707	1.2822816557473526	1.3523597624759316	1.1575604861657358	1.0365111104682152	1.2805686859546872	1.2618892461427313	0.9823896827003163	1.3834528667453654	1.3056491063781208	0.86757403279769	0.9279178516927487	
1.0304472903206454	1.0019476644876835	0.8745326356555059	0.6562130414795594	0.5194654854672096	0.10833603453417662	0.2815198003530992	0.0	0.10130878388956599	0.27469575280935354	0.11369933821108325	0.3281589569635155	0.2537358648713264	0.22108109665575315	0.3821907139882098	0.6969682406346935	0.24119555048456987	0.47994965350683716	0.3761359138609697	0.12005357336220002	0.4118079816029142	0.8406728062270244	0.22886167393838108	0.5390737875003182	0.5987261488035098	0.4401503609061814	0.4747357527975302	0.4882835710784901	0.7865531127476784	0.4974392925152842	0.42839337241679587	0.5120206921677333	0.6378953703405377	0.4450282149578243	0.4703896446151219	0.8397553122868318	0.6916899584371026	0.6814508400802115	0.9342156146523416	0.5187471578941854	0.42108207551566856	0.47868871771943156	0.42733547902245506	0.36629280322853086	0.9985722317172047	1.1147148943206844	0.8998614511177585	0.8283861660322118	0.7289562640329064	0.7914281861495104	0.7620734753469998	0.9104653389793564	0.6302391468325643	1.1329393025931727	1.0091955482134185	0.7361616952295482	1.1847676265964042	0.9163505229607161	0.9805808322013517	0.8138685501414565	1.2635337578665078	0.8508960579452962	1.0497011640505571	1.2074096259737994	0.9046895603400892	1.4137768216104503	1.0605411228940262	1.1942135908431155	0.8993361508588273	0.9238923968515461	1.1734924685552708	0.7902863327122868	0.9467677107490051	1.2989591795536817	0.9396047134458361	1.0317774390527679	1.0175962125215487	1.3586593439853172	1.3633823729984296	0.9154298157961419	1.1843291018615587	1.3607444224428096	1.2089961582448092	0.7303439402078994	1.3313014940736816	1.0203900383306506	1.4037832726463542	0.7924132507430639	1.2099665454222042	1.2938869918351952	1.0286150723516416	1.222359866755375	0.8926126248017159	1.0855957766214581	1.3347632391173558	1.147328170019609	1.2174328432060633	1.1107015344792457	0.8771919204982639	1.210427335656422	
1.0673604412274478	1.0330892131993885	0.8603886538691985	0.7755044627780872	0.7858634493874193	0.19404442102458186	0.5421849779663026	0.10130878388956599	0.0	0.5593790265304817	0.10725985254157144	0.593168548139333	0.4152010799712098	0.34927250705462	0.6600177325153422	0.8256033535708895	0.45218532246251253	0.8385116600135039	0.5551565455648277	0.10078464418693789	0.34676880845551705	1.0750317568653316	0.1729819694307324	0.8439326452451104	0.8843881518483503	0.47444591667280056	0.31886706666343445	0.7451150295402202	0.4773399256791352	0.7966928312837196	0.5281822577265967	0.6769508961558461	0.7178369494467579	0.29070894467736863	0.17893709640723454	0.659051781658673	0.5484425895871421	0.5925177129345383	1.143760502117743	0.2796368508268213	0.4848234683042528	0.6454069831042404	0.23591818575328827	0.31325134026868695	1.0843078595063003	1.1264691093539108	0.7529641379458316	0.5263907769470911	0.6766549906764834	0.5659320044354459	0.7280967398208369	0.598784319991547	0.3141208049311679	1.06959384596013	1.294050248022972	0.5692825931513599	1.2240251773260364	0.691979842393234	1.1124432913781306	0.7930185902681787	1.398308555508494	0.7659719399459388	1.3288005611529385	1.2828482082748693	0.6748006469507002	1.5169672202351145	1.2645493170583422	1.2632328144114555	1.0231057614612558	0.7659377785251247	0.8393799816955776	0.6120766425785441	0.6533800350441921	1.3332809054800712	0.7727988633057884	0.7820814061714305	1.1222952117987188	1.4611292946179555	1.4913289851173643	0.5583067979962248	0.9749043645430845	1.4415499732419723	1.249916798564732	0.759548067488711	1.3482964884232502	0.6839103827583799	1.441630409669129	0.6883398611647669	1.2188565318693447	1.0666951311798152	0.9653589674679759	1.3643851296771983	0.9964670084892604	0.9999932667896978	1.0777766363869599	1.1205026295835119	1.0500488440380513	1.1074494027685722	1.0121441812850493	1.2149091118491477	
0.9250941544633701	0.9055085456408455	0.8003377337144519	0.446712076110684	0.18760790292227247	0.2046895060785583	0.11232492402215277	0.27469575280935354	0.5593790265304817	0.0	0.3283187825644097	0.07726566520992506	0.13799702745214038	0.226201692521108	0.15683889504256487	0.5668055069925271	0.21664914121947	0.1777328667182696	0.2152200430890845	0.6147926226223663	0.6028212404197759	0.3972802515002174	0.4808073870763113	0.26950858860801974	0.19105927777304688	0.5844225106444927	0.6946310710497416	0.2102633523774331	0.9915891730297958	0.2459360850570389	0.38604583445875473	0.4010842181785854	0.43680365303692903	0.7229601034757461	1.0309108341585547	0.9374456982709403	0.8229560568863441	0.88350360869773	0.3987940871955309	0.867836654922963	0.8024909816935566	0.721692038174778	0.8658042130490815	0.7343913149012935	0.8295132260972519	0.8268082538926429	0.9294328810319954	1.109703104564501	0.7906502628190623	0.9446964801698667	0.8200635818403292	1.1371440436122628	1.1951960380883258	1.0257365268582146	0.5560416375945433	0.8855179630179698	0.890075968579229	0.9467497426483029	0.8393443967199928	0.7934117609378568	0.8123928303966744	0.9657417292780589	0.6784041146800956	0.7721837977864698	1.2244333910118692	0.8725978641524339	0.752513889800432	1.0207457057484437	0.8993943976102986	1.1401140459048587	1.3322071680578307	1.0828346182283277	1.179468395909501	0.9022684761762573	0.9425356001589384	1.280102063312614	0.8797263118713398	0.8858482931245837	0.8047173933238145	1.2338920689709634	1.208064442892541	0.9825807537837722	1.0390569531380764	1.035542788031971	1.1329795673624818	1.4300791484405493	0.9730286392690499	1.1508182347242677	1.1574576023899952	1.2967167646812354	1.1067293371155444	1.0064179855140576	0.878321856637942	1.2256976043486578	1.2718093886074326	0.8417346151189793	1.307211628710101	1.0858893526025677	0.9995277260637572	1.1624261293406406	
1.0858757282627989	1.04529584895417	0.875491108148954	0.6228437061243346	0.6302551694356071	0.06350919891133278	0.24865666131382858	0.11369933821108325	0.10725985254157144	0.3283187825644097	0.0	0.4132344719127259	0.19738989244100802	0.33523012124051565	0.49319468241141684	0.4893489413820602	0.3853323158430435	0.583015936436794	0.29429374459131763	0.221761960870815	0.15681187988827583	0.6846871875952841	0.1140544412690927	0.6636169894148173	0.5498516941200499	0.2610156246148886	0.20288135940466578	0.4818283401827371	0.4342078717116238	0.48822325277252443	0.3910261146359111	0.4829756916293214	0.49957604186258664	0.4470411333507558	0.42630573443077124	0.4583211893387412	0.509319405405853	0.411322227947177	0.8395894579024725	0.42824852664216806	0.5257518983629345	0.5965605611492916	0.41762497409663935	0.4046934570146715	0.7480268403914527	0.9466916357148172	0.6472667393225624	0.5125467642128423	0.7247666514670971	0.5278790703006762	0.7940819339534946	0.628673371042048	0.5627802775002831	0.7681251600346997	1.0444174060172884	0.6393948955955627	1.092616993771128	0.6821593456859392	1.0712005857206133	0.6698324129949031	1.1961038883204427	0.8503821583081413	1.1564424462429108	1.0605649324781163	0.6259505281599966	1.2272617831471588	1.216456340232953	0.9634335976861821	1.1078371636013493	0.9279541824864582	0.8058368622548877	0.7992036705747678	0.805940852284387	1.0758679569101803	0.8579383944234583	0.8863909816797589	1.1560805057316543	1.187706748204028	1.2137034683969756	0.7518037975967007	1.0199567907666096	1.3044808828325363	1.1583440370050504	1.034846866609278	1.161931915041156	0.7992150426253528	1.304462592420718	0.9693188826014171	1.0070271240727415	1.0904012526764635	1.096613108354489	1.3131307570764386	1.0930742658872812	1.1440937572431171	1.0715486282921456	0.9944655216607379	1.1603975001367182	1.165510154551785	1.0571863660747252	1.0173196569042215	
1.0577554587183686	0.9480662063373433	0.8002015211887789	0.6377102477756293	0.3191079388942366	0.35131404133585387	0.25410641292890623	0.3281589569635155	0.593168548139333	0.07726566520992506	0.4132344719127259	0.0	0.1672278690288045	0.11388906568683443	0.05590971845061643	0.7478468390728328	0.11842557368153017	0.13715613501064727	0.2652485214015976	0.6645842342876069	0.776466366041505	0.4835480030012167	0.5173921966948243	0.1329772434503973	0.18916039520918193	0.7828273762477496	0.776851906688952	0.18463238465481946	1.0588974200964036	0.2784029607740105	0.36022669660459883	0.42068580843348613	0.3882990940322739	0.5541751204363936	0.9876882719729716	1.0866803290960587	0.8429898918984173	1.0344981806713331	0.3002950032677276	0.7286796625149881	0.9369175219333311	0.8334183947288705	0.8012239801232781	0.7761219050183341	0.9832942692296285	0.8488057186626219	0.9623139844109044	1.176373019912398	0.5375912794332467	0.9866431013306146	0.5694712144484115	1.190687125308431	1.174335725543107	1.1799390385673691	0.43528313337214475	0.8080127793338312	0.9018473724321898	0.8452693183932802	0.5684013954676305	0.8267444119779923	0.7548199850721733	0.9842236234205448	0.6187702368666329	0.7457421658986165	1.3457589030582335	0.9207576107144324	0.7998038331689394	1.1664338176606182	0.8374753773184209	0.9712565794229022	1.4299133250708305	0.981452307719699	1.0211989638824515	0.9170654260301624	0.8549739132499413	1.27094699950732	0.6438744182882861	0.8957373692623578	0.7725869650214449	1.1751360903107728	1.2075532135099687	0.9665398456321423	0.9951734925189315	1.0672466185751763	1.1987930889708844	1.5498602699504431	1.0551955761785752	1.1261258983133846	1.3170267603884578	1.2983599809238913	0.8571384576223504	0.7714109966779887	1.0867654019856823	1.096004010561208	1.2936186919419363	0.8688781938429693	1.1938118863240619	0.8459924252718565	0.9625312496100288	1.3219926291152704	
1.094546813700834	0.8680365971999995	0.7325705171927066	0.759254597021631	0.4853594079698026	0.14413749989033986	0.11940878016776524	0.2537358648713264	0.4152010799712098	0.13799702745214038	0.19738989244100802	0.1672278690288045	0.0	0.29282978396066395	0.3237826612943432	0.6436035319003615	0.3160549499562434	0.2760322323670168	0.1214047949519037	0.5104257194704648	0.3702775163967179	0.34537299833171764	0.21037789347973623	0.42739107357847483	0.183863862579416	0.48285368860192934	0.42326655084911413	0.19968559306208922	0.7996993320758156	0.2059563715649929	0.22175157518458788	0.33045200846661216	0.2541559374550063	0.6436688568372013	0.8061266692218676	0.6877794901399388	0.518708156562568	0.7669697398056023	0.42646980208622687	0.721513578701008	0.7218791397141395	0.646973913858502	0.6730113558698383	0.47848681041844654	0.8670027264532649	0.607866874922028	0.5612207451054952	0.7685067926316504	0.7771226116109181	0.6027681759988452	0.8977627243963988	0.8006225184536689	0.9794451841633193	0.9482889290355072	0.5923631870465411	0.651209918613785	0.7143066274398475	0.7729057715301358	0.9524355555329501	0.5500852425198988	0.6906069944228086	0.8909838781406274	0.7455933590897642	0.6752171421448805	1.0566743494348136	0.8138967805840898	0.9421036214505484	1.0450835097878841	1.0020015581428234	1.1154359792089286	1.0855953819045632	0.8706440659555791	0.9126901165337987	0.7190343158039061	0.9488795343310542	1.0377949402704427	1.04577873580528	0.7162021808938136	0.8191308025431357	1.0792489277470212	0.9544911381588747	0.833715768669474	1.0022571986643822	1.1872657930931751	0.9728397432238151	1.2026960456961182	0.9559444864101609	1.2248220840056498	1.18768911610089	1.0419696297263639	1.241924350497165	1.1166288947783245	1.1751018025083695	1.0775149077859296	0.9723840633008217	1.0276663924975726	1.2107912986117109	1.2283464185469106	0.951734899480333	1.230162977952417	
1.132867103887862	1.0459123219709818	0.8545261489671503	0.6789022607756439	0.45405405891551986	0.3521975334995484	0.44945640628155314	0.22108109665575315	0.34927250705462	0.226201692521108	0.33523012124051565	0.11388906568683443	0.29282978396066395	0.0	0.1679565041411697	0.9491915224374683	0.12645171814816825	0.39351079528804167	0.3771591126964531	0.47314699573553753	0.8052956131916992	0.8657404441925349	0.43520454875208536	0.29526164949667477	0.47433159156357896	0.8647551530489934	0.7421026322719997	0.33727768693584015	0.8379015222256023	0.5521463879021159	0.4214257697267776	0.6288305802156826	0.5244213377381601	0.2326999167017283	0.6201037291303566	1.1069023278399752	0.8074371092899555	1.0660342502733198	0.5277457421039051	0.4116946466689543	0.8949186898814271	0.897357954285408	0.5231045616342969	0.6468280460581877	1.2042116487994694	1.089834598620881	0.9906438084738992	1.0214222427525572	0.41650352548234215	0.9182163466300037	0.4369789803923141	1.0036249390663312	0.804339424379551	1.3447975818323878	0.6627557892038685	0.6687624589378662	1.1457736253209914	0.6963131270519638	0.6592503427702602	0.898296721413929	1.0385811226597679	0.8560246335541307	0.8235543006632573	0.9584707410379383	1.2766475867870595	1.2453121504367568	0.9623051852556425	1.408646466377827	0.816705827648845	0.7736945563351234	1.3075763031361898	0.7215922210184185	0.8031984571893781	1.130675532119229	0.5649695762806679	1.1095673865514517	0.668418597453321	1.1851510177179367	0.9775407645368255	0.8074882705930596	1.1799055060135604	1.2069331928067122	1.142267484958866	0.8729814929108863	1.4304108055822549	1.372024979893465	1.2720085586081193	0.8709134735837988	1.489590159826036	1.2414029999542726	0.7086619714752332	0.9309597610757652	1.0345429809243334	0.9977781040713691	1.2825557145691462	0.7558316347886208	1.051810211312538	0.842736506113894	0.9253663001442157	1.4643430310929415	
0.9722993529859616	0.9531479155545955	0.9916157541354228	0.6449237285032274	0.3611956028232758	0.4656794392007564	0.33645272763853773	0.3821907139882098	0.6600177325153422	0.15683889504256487	0.49319468241141684	0.05590971845061643	0.3237826612943432	0.1679565041411697	0.0	0.6714970533489131	0.06148493329845883	0.10707642052163302	0.350885060196389	0.6461765134479487	0.8342078960544991	0.5448291223111938	0.6154841491317131	0.0386718328391662	0.24763432087837067	0.7437932503094618	0.8163983398591848	0.23285358841335546	1.1110559631188224	0.2973150822803291	0.4095026057373037	0.4055754426132019	0.45043821440268117	0.563343861938342	1.0128764505584982	1.107994294598083	0.913601897455	0.9417409532446749	0.34650390189976066	0.7094065467879263	0.859275782229546	0.7630827196123512	0.791433719163644	0.8429604249333045	0.8691003182926189	0.9583977572365096	1.0769897325857924	1.2441628006476977	0.40564625393397113	1.0866531270341282	0.40181312596836904	1.3131082280815742	1.1706269382534107	1.1094800764951223	0.44394799418293995	0.8439342342343792	0.9973584774656221	0.8453960621081894	0.3617534386541076	0.8665625248433457	0.8451560746500262	0.9700060891840087	0.6028585615119721	0.8018443935181737	1.2525005886080158	0.9869666628355052	0.75775103227147	1.0481347481128194	0.7262827607378367	0.8379877644645011	1.4740947401735096	1.0177762929396927	1.0354652225542296	1.0153831039291399	0.9009032112946322	1.2773772838253465	0.4488282112232653	1.0324738503108628	0.8300828558311508	1.2052504041451948	1.2824124998762123	1.0751828114070885	0.8860643580091396	0.97134766536921	1.193310486177328	1.5475263547133464	1.1530283728195583	1.0035469770627357	1.1845638660554294	1.4129823090779385	0.6584756056617025	0.5832376439890572	1.048470444857585	1.07760792188493	1.444617445954063	0.8971470604487751	1.1411755182550543	0.6244164025811617	0.9970835068045184	1.1871125380607608	
0.9806203832671335	1.2146579624318958	1.0495681483940578	0.42885433736363	0.6645965037009186	0.5209389729069199	0.3583330674797133	0.6969682406346935	0.8256033535708895	0.5668055069925271	0.4893489413820602	0.7478468390728328	0.6436035319003615	0.9491915224374683	0.6714970533489131	0.0	0.7750139222802692	0.5895265692196998	0.6028903320922248	0.8039500893702966	0.32951861160135765	0.45237973019503475	0.750826916579168	0.7116361893389179	0.5906911080534862	0.21091037585196004	0.5351384366049122	0.7090916688820619	0.7388558354983898	0.4873198819012835	0.8555895685472732	0.5928847839542912	0.8084887455043219	1.2138582724379807	1.183644719477063	0.4069304388246222	0.9688441370554449	0.17578388330257633	0.8463164663995721	1.1008781744388239	0.7043002743365991	0.6312692640973132	1.1209705820331832	1.0612532115013014	0.08426522050172103	1.0254384407253814	0.9912905258544725	0.8425670188485428	1.0501101785509066	0.9472486438121203	1.0101197441091971	1.082644892180673	1.1495336857162468	0.19097080356763996	0.9222701693603268	1.230060577904484	1.1489269209306863	1.0642737960526678	0.9198919695914726	0.8837604798799323	1.1228320598398136	1.1612557424885062	0.9902693113386525	1.0389420739096582	0.43108430219207616	0.8989909537965137	1.0990742133615756	0.19367433641269516	1.1678915067315696	1.1251211388489164	0.8155664073386122	1.4004352208488575	1.3520618355510072	0.9625803324781487	1.3369433937788944	1.130624948430408	1.0974619787525284	1.0070298370230122	0.9662635917362488	1.2849512497088946	1.2697603829750563	1.2477506593075458	0.9159280615484502	1.2671250418342794	0.7697488917975117	0.862078234717474	1.1586469566521325	1.2393753030335284	0.2624387098260321	1.2299634284784204	1.0880554869259107	0.9550698744965361	1.0353548098352554	1.338272381870223	1.2932503008183422	0.9568433134629437	1.2388053014213833	0.9614002275554113	1.0774216962450651	0.2660960848819649	
1.0412463651122918	0.9900732610369074	1.0596867251319937	0.7841406226600877	0.5007702233648249	0.4085451614305463	0.3844408002860725	0.24119555048456987	0.45218532246251253	0.21664914121947	0.3853323158430435	0.11842557368153017	0.3160549499562434	0.12645171814816825	0.06148493329845883	0.7750139222802692	0.0	0.17642403031787046	0.322211605537743	0.38742625471533076	0.7295750465528892	0.6466628330318642	0.4244501956455876	0.10098704679679027	0.3221508689147472	0.6454006555526438	0.6584437954862288	0.2557420604227314	1.028763344536338	0.32371806868976205	0.2775673852235866	0.32296491390611015	0.39171683767572807	0.4005629603812665	0.7361794947310694	1.039071757572502	0.7036721613363697	0.8875544217769431	0.4670647101864164	0.5212818131319162	0.6176807646788939	0.5984638614249769	0.5094321113256809	0.555728953541033	0.9784167387061613	0.9235279386655451	0.9345401019013929	1.0794108745313726	0.33262810769037277	0.9025573099125064	0.3549460948359676	1.1458245736555608	0.9115768946946603	1.2024430133319208	0.5660686892289721	0.6249583848769309	0.9566821232798538	0.7297336020051894	0.42619872863092834	0.7156055375533139	0.8971370375644724	0.754384516154921	0.6533311124081598	0.8200978796731239	1.164063352709067	1.0888677196261152	0.7018371716285577	1.1703058781306428	0.590546831961178	0.7032832579743157	1.4113844834985696	0.7971257158295157	0.8588770850986946	1.0695461342808756	0.8339481310508103	1.093192151978061	0.44588276163527396	1.1393865599331212	0.9829460204136368	1.048803628045739	1.1315847094089166	1.0958386691745945	0.8348928928206094	0.7404058530301789	1.2005420625385654	1.3915297077292412	1.1714358204187583	0.7652501635262028	1.2683616258387709	1.3419990400019222	0.6616611166856067	0.6797156440811807	0.9205496446113082	0.951653174844078	1.373363748705829	1.0162742072092312	1.06007276530841	0.6736135892545109	0.9905923654437357	1.2846152358156218	
1.0338698623452403	0.9183699650371727	1.0755719806475788	0.8290180356387317	0.4697554934989997	0.5083903481248067	0.2204500566581642	0.47994965350683716	0.8385116600135039	0.1777328667182696	0.583015936436794	0.13715613501064727	0.2760322323670168	0.39351079528804167	0.10707642052163302	0.5895265692196998	0.17642403031787046	0.0	0.24630612409052555	0.7078470405221176	0.7517342264613751	0.2841572634592624	0.6147273294470511	0.07207079496848767	0.09363739767559887	0.613341893168729	0.8205286212187867	0.13418081400494097	1.3065690811489448	0.08109334991159634	0.3239688098521427	0.2623168389767794	0.357798073064273	0.8963722566221363	1.244461093698638	1.0430488686277901	0.8480007433811467	0.9046005471714746	0.28723719835900585	1.0269156101392736	0.6952407701427976	0.5209749322093802	0.9636254645812279	0.7623709624677883	0.7299670080978589	0.7300205226812323	0.9272600944460813	1.2736010162420168	0.6645496344010167	1.0564599613981738	0.7027578948082221	1.3529199665981428	1.3841924652909563	1.0049338617533665	0.2964237338474942	0.9105411872891787	0.7539602442787333	1.0233507330536276	0.48562596918460865	0.6928039863855571	0.606395017025343	0.9776605410025365	0.4085056215787395	0.6293377209799613	1.2760743528746805	0.733005526731267	0.6174445322396005	0.869266357812219	0.6942908880321002	1.0758392293991224	1.5312389742185113	1.1200866029644907	1.2200434901904924	0.7874504934900509	1.172664330619827	1.3121105954947492	0.5951678571343383	0.7463262900445091	0.7035445641415758	1.504998385529385	1.231948007869232	0.8127919709215545	0.760967381647051	1.0294343510643904	0.9240594062347476	1.6049862493154925	0.960018864140092	1.1638089073641358	1.0479490954699264	1.39235990806258	0.9755387970187167	0.6191229655706294	1.0193201171786466	1.0914176288450008	1.3915824169417965	1.08315466990005	1.2524988238828412	0.8546601353839346	0.8876342463239074	1.091223412768789	
1.098073494542567	0.8676582768203149	1.1337653565683874	0.8841435842571124	0.6084241865061675	0.2754828337159221	0.14608104549313206	0.3761359138609697	0.5551565455648277	0.2152200430890845	0.29429374459131763	0.2652485214015976	0.1214047949519037	0.3771591126964531	0.350885060196389	0.6028903320922248	0.322211605537743	0.24630612409052555	0.0	0.5374324495427064	0.3770865198357226	0.3316250773276911	0.22747674846541865	0.38449475356182206	0.13926473668913109	0.39223650510268504	0.4501473822508013	0.055860544658641986	0.7533438846147378	0.12141253003791941	0.11553599368426704	0.3448183240186482	0.1631615146592711	0.6631094979938904	0.8558501278594166	0.5944237050326804	0.44793439049896067	0.7041029385203956	0.3132154337122932	0.7396084951897643	0.575213259088688	0.4741044576477401	0.6551366644564296	0.4163588715409874	0.7162761982136123	0.6055447213421146	0.45032073986860954	0.6979434925850272	0.7411303797828349	0.5649533706157418	0.8811118693548795	0.7250597714420222	0.9684058966298126	0.8344103933102429	0.39487891320535573	0.5658218853558694	0.7080207159793126	0.6662695703972638	0.9296710864805703	0.3670184314979459	0.6144441531370566	0.6945664891147166	0.5087281460686011	0.49390864752507757	1.0159537399727965	0.6859916669553188	0.8118468826155447	0.901643391808309	0.7984592068328954	1.0719664031442977	1.0246483180201418	0.7410456804302924	0.9050707149842915	0.5160384644333436	0.7780228157871445	0.9305402443307788	0.9747969806986512	0.5901363746966262	0.5850475835735818	1.0385453548801993	0.9145070115108261	0.738672354492588	0.8131784823979481	1.1006028650484851	0.8207172138039235	1.232664228176343	0.894844610708493	1.1449096337637181	1.074343770088327	1.0049598848982269	1.2441093186963945	1.0921768663227034	1.061956034796034	0.9890096743519485	0.9713998431421758	0.8043273215574581	1.0790668201144942	1.2934431129067678	0.842575775241112	1.1225315363693495	
1.0462860741410633	1.0144490076060442	1.1238790350525056	0.957915221676282	0.8922545727963429	0.3018086043340952	0.5426738363793601	0.12005357336220002	0.10078464418693789	0.6147926226223663	0.221761960870815	0.6645842342876069	0.5104257194704648	0.47314699573553753	0.6461765134479487	0.8039500893702966	0.38742625471533076	0.7078470405221176	0.5374324495427064	0.0	0.37656162394380244	1.0077108089842126	0.20634093051002578	0.7427071678480606	0.8358779489599004	0.36320793293372966	0.3707141888279367	0.6909373509568086	0.7245846079047964	0.6536927102044843	0.44116089805974756	0.5192476040001632	0.6931612982822488	0.4470790381657559	0.2728168050906442	0.7212144012962769	0.5210742429405555	0.5596717247160026	1.1716093535207128	0.4271378089369725	0.18538007588799144	0.325189716044602	0.23486946641395412	0.1870019596582042	1.0096521784251902	1.076760690986641	0.7563068817175704	0.6405179920314593	0.6986446821546473	0.6299918525397449	0.7495073959389975	0.7485023988494195	0.39231274773383196	1.0899268069952466	1.207348414282772	0.5696940916143493	1.1275297822674073	0.8167120476374414	1.011456333253613	0.673683099905474	1.326415823070806	0.6559186607325842	1.1434439648276271	1.224997457487053	0.6850542046960753	1.4644886767592395	1.0271295296764222	1.165578056193652	0.7743418849549375	0.7635211722964382	1.0129533678781568	0.6216734622011493	0.7633719540383401	1.324095679119889	0.9670304587741563	0.7905818019175106	0.9955164664258	1.454195797931897	1.522620373074624	0.7763409964738028	0.9872311433335509	1.3601543460387246	1.0532306147487596	0.5346154548209974	1.2140677457044895	0.7559101821772841	1.3985817909086924	0.5492912298274112	1.1235648927017803	1.1874398973056657	0.9962062650088047	1.2388707329547213	0.8090704616167533	0.9366469431015196	1.2158934171857831	1.3269425829515467	1.07140199228401	1.0828833987514055	0.930945446228193	1.1481363204426427	
1.0435057902130203	1.0057388900020467	0.9998289340242373	0.7885412082500883	0.9000703537003409	0.23793229823565853	0.3396640021204038	0.4118079816029142	0.34676880845551705	0.6028212404197759	0.15681187988827583	0.776466366041505	0.3702775163967179	0.8052956131916992	0.8342078960544991	0.32951861160135765	0.7295750465528892	0.7517342264613751	0.3770865198357226	0.37656162394380244	0.0	0.5337752968195415	0.1803753496494891	0.9309198913921307	0.6177974899579941	0.07440844119403256	0.08736288595650721	0.633938183233476	0.38160476307357005	0.4921644003013982	0.4552716532371305	0.4562438708973743	0.4973116808890885	0.8105997431179939	0.5642739918348646	0.14831393171988527	0.37690015119866804	0.16025548873030915	0.9367039375049978	0.6586258236522045	0.42060816340312857	0.47575041432549237	0.54603803865462	0.41304798088006167	0.4464921291778047	0.7220144977792327	0.414518772317787	0.3057327574566392	0.9593990509851755	0.3505650555801936	1.0641595155581665	0.47091625298526407	0.6082363041670704	0.3943983396131928	1.1082402226019235	0.6509157458887362	0.8797167139771385	0.6896257093405795	1.2339167056622007	0.4698588314117368	1.0457180001812243	0.7946483116980283	1.1445231616451876	0.9065382987063254	0.3275696567803006	0.9503757533655707	1.1863671430467826	0.5914207233220284	1.1491162789861087	1.0140763423934596	0.5192349684751532	0.8663807942407822	0.8267140123037803	0.8205076785652508	1.0771471993704018	0.7077406814340905	1.3302604154174236	0.9463360249328615	1.1148656630247094	0.8365525951104795	0.8042945294827892	1.0912419073779394	0.9359489829457353	1.1458498016209906	0.7608411962453081	0.528234796644409	1.0854033954683129	1.052028883103254	0.629702167169444	0.8788308010399921	1.3139830042087162	1.3513430490047689	1.1071192843903586	1.1032536977116791	0.827309505090721	1.1251157836076626	1.0955239743241862	1.3004593932401436	1.1045514683222453	0.6779737394527277	
