1.0	0.31552351330133105	0.23828158073956818	0.229270711624992	0.23455346353253032	0.14971154885859853	0.12912981147250224	0.12083776554205022	0.10228951692020377	0.13982987252542955	0.10160401386794783	0.12170394767238478	0.1089045913853396	0.0973068629487225	0.1250771425391783	0.08570804353697495	0.09755216330954747	0.10385537187964967	0.07722021411059367	0.07755624849076612	0.07388952792899764	0.0731151619219868	0.07186152263264795	0.09350327367961589	0.0776543447455433	0.06686981968687886	0.05931130146548851	0.06730833878872591	0.04567535631446119	0.07830546548837604	0.06399922027008978	0.06144998869942995	0.062249130743126206	0.05191855600270949	0.042803406502020296	0.04555039448256624	0.04225162310990997	0.04955184355265838	0.05403663979555269	0.04763684052428365	0.04453426486456828	0.04897977017520863	0.04843460317985297	0.04766508802691881	0.046003880066023406	0.044852920943287196	0.03778223458627159	0.03836129391046436	0.04763795886698511	0.041641677846280464	0.04471517011326148	0.03490296150288221	0.031958371485360786	0.03723408188466345	0.042995732041304725	0.0411989588417114	0.038265013947130215	0.037887732899651715	0.04633837662780266	0.04285865051166356	0.03844410427131944	0.03574449018454731	0.03894828127292209	0.03609601592220103	0.03258491352365076	0.03193713274441902	0.03543123890214531	0.030969194860590153	0.0359917388642249	0.02993475662083516	0.02503093140186002	0.03208720235144	0.030140481501652504	0.03223917122722983	0.02765095949465617	0.02776490106619172	0.03569850370577542	0.02968126894986035	0.030308750067745232	0.024318338215552154	0.028195693189447903	0.03191710933439411	0.028560935116720945	0.025338797752512993	0.02629819896955222	0.020652836462522386	0.02399623706491063	0.026975226985749504	0.0240678412274599	0.02213330517487159	0.02413818460186702	0.02992487808174436	0.02020981003685852	0.026362954200526204	0.02245191836488514	0.020273389292409728	0.024172071605843	0.024722279240479154	0.023204275844088126	0.020950408312252762	
0.31552351330133105	1.0	0.21610141716593034	0.18629353633910542	0.19881187193451472	0.15273485111027812	0.14244861659107994	0.12818250754583257	0.10565186649394351	0.144807808169659	0.1113058582856784	0.12790631034697564	0.1224025209998056	0.11996201349140401	0.11726384364820847	0.09611360715461661	0.09574946966082552	0.10955953431681587	0.10158097707833655	0.08619359341728942	0.08674878892733565	0.09102307472338927	0.08535774732855556	0.09532478188926957	0.09913683849040765	0.07715722419590623	0.06833865103509683	0.09069952591910388	0.05315270491636334	0.09658102400557612	0.08865988234788956	0.07452004161103883	0.08147015549721605	0.06412208467292786	0.0486500794070937	0.055210648229802345	0.054177398487851774	0.059668796453253355	0.07479349416780953	0.05453304069319377	0.05334627426790658	0.06054239157247123	0.054810093775034166	0.05918073520191348	0.05705174051189457	0.057506785894739315	0.04984358831015903	0.04675770059179022	0.06370452046192264	0.05197416416078006	0.0505204021289178	0.04457568303874813	0.037886964443014724	0.04673266855611697	0.060285662927175694	0.05167250091454438	0.04846313575559893	0.05048197136619942	0.049377458373998165	0.05344694959421344	0.05125530224680366	0.04668632830913904	0.052479583949958955	0.054235196875860994	0.039647219676367626	0.04734902183158492	0.04667386329808187	0.039843111718083454	0.043313780498172236	0.036712250487095394	0.03149312635462936	0.04159161617815622	0.03861784325379466	0.04655190622029781	0.03787775402204734	0.035955480787985175	0.040920083709765936	0.04352096119617673	0.04525560700989739	0.028860584608707083	0.03659067455304278	0.04192054594199366	0.03804075230345054	0.03117511132875266	0.034841909107267574	0.026039360393603935	0.035955042426950065	0.0322148224825872	0.031113298504862025	0.029530539356138426	0.027537922987164527	0.03413092055324039	0.028580501746586218	0.03156916227356679	0.0307746130924067	0.02829083369627226	0.030872884148162746	0.02630578948013582	0.03215689657297071	0.0264654001462788	
0.23828158073956818	0.21610141716593034	1.0	0.20158827122785583	0.19951800987857168	0.15670231451630834	0.1390916735885755	0.1421357059929091	0.1342431370844629	0.1503703516444624	0.13166263413451204	0.1394703425885926	0.12979309750898874	0.1318841918256249	0.12642590961447253	0.10464256920182746	0.10636815326115089	0.1119543436624708	0.09525378068219918	0.10074294974942358	0.09394799192675578	0.09683190631643761	0.09319506534461681	0.09979722772731575	0.09966419875290265	0.08659418469603969	0.08268332618375818	0.0848238236096005	0.06584461115787721	0.09545798615271758	0.08263551090300192	0.08453830257549991	0.08315355233002292	0.0785548588481669	0.0653505489021956	0.06373905887633725	0.059945092310404756	0.06669429733671041	0.07773322250335687	0.06919948676684862	0.05881240954857184	0.06305561107609046	0.06433113856994715	0.06476913423801381	0.06199811053377421	0.06302175484063893	0.051856666834957335	0.05411472982271449	0.06530106844354946	0.06046075525602059	0.06158961169311837	0.049281878037410035	0.047235195903473685	0.05106777794258267	0.06010544705613946	0.05482668619201964	0.04972151036889238	0.05533425949179968	0.05469490196078431	0.055819605212361324	0.05633264906669213	0.049333658586688575	0.051382519257313325	0.050677823842103925	0.04569805842280755	0.04473375662324848	0.048221008164555546	0.04244991531149042	0.04377645297821823	0.04836391471879229	0.03662194262020738	0.044491266051971984	0.04330397054535317	0.04370663547358469	0.041718621622927846	0.04180755826758392	0.04550316741501784	0.04170879595302063	0.04283463554226552	0.036370252681307044	0.04177032146196125	0.03953247426018261	0.04011848195798865	0.03433814318947146	0.03749096437288696	0.030377346151330847	0.03565840535819424	0.03695445443008805	0.034099438824748904	0.03367847731747695	0.035607940446650124	0.03771897709710968	0.028330934166647538	0.035657634699396715	0.03263582762592463	0.03110916905257254	0.032871490744045766	0.034632626997159015	0.030044296498217656	0.029611863044316497	
0.229270711624992	0.18629353633910542	0.20158827122785583	1.0	0.1907795806194892	0.1692554870662514	0.15499560851710303	0.1487022955695747	0.13983798221079952	0.1581605436496892	0.14746348962336664	0.13617142011995062	0.13700013086802895	0.13486033941867936	0.1326472593165019	0.1594786250627907	0.11191924696063024	0.11466977396947203	0.11058277120424638	0.11320373234666747	0.1177771368137679	0.09977321174395401	0.1031650140266089	0.11182954450130023	0.10803509776512792	0.1105160543683382	0.09176831443041586	0.09667257673041503	0.08478186993682103	0.10306703851206954	0.0943099676706777	0.08541954740441844	0.08925989125404905	0.08509457155319403	0.0687486573974622	0.0761827913208916	0.0651279861563701	0.08768262669812384	0.08510056193729773	0.08452324333890038	0.06935617269201787	0.07057032447926341	0.06937672996579028	0.07214316421477547	0.07584955484580036	0.07138577610118717	0.06241784654673827	0.063968268958353	0.07444393670890778	0.06740673094197257	0.07140033858109167	0.05989273851966968	0.0531075898994284	0.0657699516585221	0.064359946385276	0.06446014627494731	0.05694566868588361	0.06661892474585006	0.05941635460336879	0.06548444471240805	0.055690669782936145	0.05727645548273351	0.055264913717283835	0.05819003084571835	0.05783158207205733	0.05031432111228376	0.04816009689915099	0.05248415042857853	0.04877729021909293	0.047465140615286	0.05266494747118792	0.04860715440644297	0.04935145411217491	0.054523265733971454	0.0475121571828448	0.04601985230874137	0.05011467889908257	0.04686104584532712	0.049637436244085294	0.048028871768745846	0.046000224391338496	0.04283202565274303	0.04605682375521837	0.03712316867474573	0.04258916694782808	0.03757377203363926	0.03871093369681628	0.041224700641247225	0.043025223157853794	0.038066250141819274	0.04286530171570737	0.04087454313609215	0.030425636488744717	0.039088581589534876	0.039713717258659034	0.0361768611827201	0.040984732794459994	0.03842462172348943	0.03377406962219237	0.03806033267550042	
0.23455346353253032	0.19881187193451472	0.19951800987857168	0.1907795806194892	1.0	0.17306306832564208	0.16132945255612408	0.15652010587715606	0.1342974065056522	0.16500791184233857	0.1408100484166006	0.15081985600818804	0.14582886241702284	0.14659913435859656	0.1435789721067552	0.12436819987335214	0.1266247774143192	0.12938255931261974	0.13002584573915116	0.11237577169110023	0.11147586443138582	0.11307574589048563	0.10977831952564923	0.119643197257317	0.11742853042937547	0.10270051131004583	0.09129969151473519	0.1096802696599797	0.07209059202839346	0.12393792513543236	0.10337585296437267	0.09721236695387735	0.10098048994141345	0.08592912705272256	0.06887838242056529	0.07454596555093082	0.07608169323854046	0.07959000148423653	0.09511605833117612	0.07594015006881855	0.07674883646852713	0.0806636506033585	0.07615042169078992	0.07487099132063744	0.07477357828483608	0.07573725048021	0.06609431538038962	0.06465004846467565	0.07828463882416203	0.07176217926980898	0.07263839689605661	0.05958610242602539	0.05446234821552241	0.0628910826347958	0.07659860290166577	0.06861881363475354	0.06378175488222815	0.06493506493506493	0.0686450636878149	0.07317417843157813	0.06623642865679326	0.062317066928492655	0.06852026173803237	0.06716387084930124	0.05476254186773947	0.057650099532729794	0.060286701272791086	0.05500996893401957	0.05866884167006511	0.05202854996243426	0.04492912908360494	0.054606614361838994	0.05344857999647204	0.05991159974742785	0.052462636982135005	0.05022230394583611	0.05692259880978334	0.05453022476615943	0.057846883032669494	0.042618695767496495	0.051132405821111886	0.0516377721962782	0.05182875284128266	0.04382451211177766	0.04814727401463299	0.037634639932303544	0.04611749523167873	0.04620302849738482	0.04356311820214499	0.04200421759749616	0.04294253180619094	0.04712264150943396	0.03936327502448204	0.04553619245771267	0.041034781862721734	0.03968363561908662	0.04444231506324262	0.03986018974249233	0.040975235538081654	0.03858149253731343	
0.14971154885859853	0.15273485111027812	0.15670231451630834	0.1692554870662514	0.17306306832564208	1.0	0.18713386475131324	0.177238193795906	0.1940696071485454	0.16551875557846604	0.19756479643485292	0.1513839682264174	0.1620552294398896	0.14726446857475545	0.1473572568829408	0.15832247585550108	0.13895499848988221	0.13950436236440722	0.15871758065458985	0.1516053055658857	0.15679252427620644	0.13086970533779044	0.151342992130112	0.13079307291154188	0.1317165011023856	0.14072634647199392	0.14104288680559868	0.1260125896496569	0.11817721518987341	0.14321405235038628	0.13465280480346917	0.11610293718442913	0.13581602226770828	0.1104569271508254	0.11340382371954437	0.12121796822239868	0.11420970622886026	0.12285022840204488	0.10746495097350603	0.10986438132261342	0.10227771759814971	0.10725425093067713	0.11217253182397817	0.10551900190558372	0.10796831829066127	0.1021093107510391	0.10057086960176687	0.10791289015374146	0.10221903223877025	0.12406748275364848	0.09049344310452617	0.10311597794192844	0.0922614835432687	0.09667161007231642	0.08877471772507319	0.09821551447314097	0.08569381345854804	0.09358609204526	0.08121123512521573	0.10430982078963365	0.08529333728715684	0.09053891452112867	0.08215507100734612	0.09086451271433797	0.09184426680068475	0.08252246250961547	0.07543815487240804	0.08030919833362374	0.081097437966512	0.07601657601657602	0.07611768573307034	0.07983014178978438	0.08026092338946467	0.08349209373213945	0.07367303267742506	0.07976265190848406	0.07367077974053557	0.07711066129006551	0.07679810485710399	0.07090042720999014	0.07700308792458962	0.07268670450566364	0.07298986431786536	0.061354043002242446	0.07178909197824276	0.0620903299070649	0.06526145783549499	0.06692339205243752	0.06909473407402537	0.0627506448123804	0.056129960655792246	0.06227160010441138	0.05141790291654052	0.06604215841893592	0.06547411430564552	0.054857673523875855	0.06480488131956551	0.05182127286415116	0.055070201498862846	0.06246717847408037	
0.12912981147250224	0.14244861659107994	0.1390916735885755	0.15499560851710303	0.16132945255612408	0.18713386475131324	1.0	0.1782051282051282	0.1489353962556989	0.16314924938661787	0.19720955863934672	0.14576701668801853	0.1605753584112316	0.13207867484781607	0.1414034177619872	0.15906818506447132	0.13470336556278004	0.14468042045612658	0.16359702976086066	0.1284282791858812	0.16508984972165336	0.14738438425670025	0.14293728593362465	0.12880740756016582	0.13712733747652997	0.12625287560378434	0.11179084394655318	0.1384351003893759	0.09931057259629278	0.14783365835054366	0.13759752605296582	0.1194467696230139	0.12344425098342685	0.09340285286367604	0.08691654036748804	0.10417127212746782	0.12229310495499432	0.11151463711224098	0.10506479714461381	0.09313572674345126	0.10231561681437407	0.12179229741580677	0.09786084369282332	0.09946690724186008	0.11188127160806138	0.10923471206232285	0.10460964842856892	0.09859770176423917	0.09358841335311319	0.10309512178100357	0.08345873765416083	0.09683226651149258	0.07760320590293239	0.09986013247829414	0.09977992241622922	0.09517944025550111	0.08958992748985121	0.0856268014762003	0.08164007061511303	0.10754803942423598	0.08377548170901983	0.08824452278558113	0.09036967779056386	0.08959781573889458	0.08307700683234885	0.07857641055761536	0.0740801352862559	0.08681627828126862	0.08161812903829947	0.07553304453235855	0.07185422545315415	0.08137756053878586	0.07325563239926891	0.0860153802335517	0.07033619169364846	0.08060329310116149	0.07191328589245104	0.07974378616851413	0.08199154114417155	0.06113687431275996	0.07478876563606325	0.07979861071678686	0.07295867053924748	0.05965764537590845	0.07845632294149486	0.06037456395065578	0.06213599685290195	0.06241242910927894	0.07232695379376966	0.06382999369268837	0.053896746405913507	0.06404506102013142	0.05093688895876117	0.06755126658624849	0.06725471780323203	0.05648123091197278	0.06410444620609335	0.049391760328507256	0.060535962831546136	0.06457133966080597	
0.12083776554205022	0.12818250754583257	0.1421357059929091	0.1487022955695747	0.15652010587715606	0.177238193795906	0.1782051282051282	1.0	0.19848860257680873	0.15527976619085943	0.19640936331506428	0.15077005597813373	0.15441720544887735	0.1538147037688629	0.14870868946307855	0.1485403739087684	0.14579983576126035	0.144104521052972	0.1446894689468947	0.16041108449833336	0.15370047051164443	0.12408981905384783	0.14856631910766246	0.1330713042988258	0.1254855178975921	0.12552682537874474	0.11741900196261382	0.12781882165628788	0.10354473646172552	0.1336453496526727	0.13428851911047648	0.13087844183311895	0.1241787776229345	0.1213155010588943	0.12808270874655525	0.101148015073175	0.12698555793952726	0.11919984541322558	0.09778778145613762	0.11456551748087826	0.11120020001896731	0.11302285940914883	0.11694195208799732	0.10769594514718052	0.10128078132874546	0.10040757779838018	0.10220117226486654	0.09331087982773376	0.10631846030076118	0.10711971780289396	0.09923119459160558	0.09256198347107437	0.09519161277606225	0.08838665759019741	0.09251984144500455	0.10129363170078526	0.08562718794380772	0.09126391811835384	0.08760218469996073	0.10676911818514453	0.07926925688559815	0.09476033341598794	0.08514035348284568	0.08564698900202156	0.09202770202517173	0.06868955054048928	0.0763863454946706	0.07795650568531474	0.08858896655887535	0.08385723863846162	0.06943715917300898	0.08813886210221794	0.08372004744958482	0.07845296524488071	0.07738238783798122	0.08146986771190592	0.07964450845145153	0.07008574726018904	0.06898535163739551	0.07223909537895351	0.07820661778346237	0.07041757209138427	0.08034212956213248	0.06936427670206742	0.0722375568499946	0.06737152196283368	0.05921424954576594	0.07320704854502963	0.06495858444912864	0.06463018955108436	0.06398746761462915	0.06720743872176395	0.05857391445929032	0.06391282813273898	0.06570784264595339	0.05415949741907086	0.06759701235393674	0.0630499411400866	0.056883006151160195	0.06133215206185567	
0.10228951692020377	0.10565186649394351	0.1342431370844629	0.13983798221079952	0.1342974065056522	0.1940696071485454	0.1489353962556989	0.19848860257680873	1.0	0.14479103994075995	0.19602191655727413	0.1421708084481037	0.1619755209522914	0.17777074794377357	0.1427584933782758	0.14667439889369674	0.14478451452732843	0.12336753394807856	0.1474118529632408	0.20130729438184225	0.16049548491053744	0.11247265490073523	0.16939768179936526	0.12626932268385826	0.12522734010079078	0.14183575547467342	0.1550762639878864	0.12108824001419002	0.14392440572862839	0.14009560725677497	0.14179278447608656	0.12211713054554324	0.13666105456493458	0.14010271794336274	0.15918142270694197	0.13405509001569924	0.12224212411758507	0.14192659036413588	0.10632159444554802	0.1463390039025079	0.11847198743660789	0.12311324896820208	0.14866279427762155	0.12158968850698174	0.10449177349348945	0.10887121381639171	0.11061805983141892	0.12834986454836864	0.1234847626600204	0.12368575994616873	0.11533098869997711	0.1247568093385214	0.13257923050581594	0.1017852780934377	0.09142786637465684	0.11096357513889037	0.09046576327843187	0.11665051662003113	0.09652630263651131	0.11247106233387637	0.08824911739952564	0.10781422364303564	0.08653175157013258	0.0960771928296051	0.12153355900806034	0.08002772684584768	0.08394035525981275	0.08367649848784135	0.093204995989458	0.10062487772880536	0.09058512202293444	0.10622234387117375	0.09406998735437952	0.08857939342371894	0.09298239609359847	0.09640374735569658	0.08828522920203735	0.07524739099598095	0.07776116698378183	0.09543290424969142	0.08830507493779295	0.07341025700554872	0.0830445843741726	0.07941777625500644	0.07861330970893025	0.0890429090559045	0.07010377436454435	0.08918554950524035	0.07698187762398127	0.07527383731370084	0.0808223440155087	0.07291387877165831	0.06382745918082015	0.08258176937386677	0.0788930144820258	0.0652546814694811	0.079557690213775	0.07525349671107312	0.05655620469806793	0.07161033224505474	
0.13982987252542955	0.144807808169659	0.1503703516444624	0.1581605436496892	0.16500791184233857	0.16551875557846604	0.16314924938661787	0.15527976619085943	0.14479103994075995	1.0	0.15801909307875894	0.15364587518683404	0.15651128228981134	0.14549535997778343	0.1526025804148699	0.14347820717082269	0.1408202038035656	0.1435678749111585	0.14621103250055273	0.13046536547525917	0.1390973340246132	0.13000416034785875	0.1350499358366345	0.13207288848322848	0.14035272094321652	0.12700120893634564	0.11550022101075585	0.12922338419338247	0.10177714741875732	0.13348402426487108	0.1284296035582485	0.11490707961398403	0.1311226964112512	0.1063501269121557	0.09218398506676878	0.0974618804072463	0.10078305079204199	0.10789386935289744	0.11477367460514161	0.10494553669460265	0.09825360072210666	0.10129076452975994	0.10043724073866457	0.09848893270282343	0.10170590188297418	0.10466799204771372	0.09326646386582257	0.09461631344464337	0.10214488191505593	0.09856051703877791	0.09456199711829559	0.08590622243333107	0.08004476131537229	0.08540105764406905	0.09389761727177216	0.09594393399741714	0.08956667896527692	0.09069492534310314	0.08449152816924223	0.09988735754041876	0.08814106606795995	0.09214758751182592	0.09032767071778688	0.09284384590873263	0.07954420392302938	0.07928060508573188	0.08296791375815303	0.07746135903416809	0.08146327003888337	0.07450428150338059	0.07014236552637897	0.07625351819034713	0.07313919736966033	0.08616480946956395	0.0706620439161301	0.07519433134154725	0.07737688098495211	0.07780902983855013	0.07664523710770081	0.06613509693591829	0.07345590625192161	0.07036573984398387	0.07443504431282316	0.06543949033219419	0.07004124749379521	0.055311295663029905	0.06649128282873322	0.06787382452781693	0.06337971813453075	0.06266727946146151	0.05744247644101696	0.0649383870370207	0.05833067420340065	0.06336436288557037	0.06232518818969161	0.05846651104327527	0.06294906848095631	0.05558242427499239	0.05839867556897775	0.05730333020299068	
0.10160401386794783	0.1113058582856784	0.13166263413451204	0.14746348962336664	0.1408100484166006	0.19756479643485292	0.19720955863934672	0.19640936331506428	0.19602191655727413	0.15801909307875894	1.0	0.14756941061860693	0.17222121638371657	0.15294386255315506	0.14935640580121273	0.17348312520310105	0.14519690388954942	0.13702020429284975	0.17260459802941597	0.15858794765090556	0.1775065847234416	0.12883150819164849	0.17767579677675796	0.1331101850087409	0.14050201995700795	0.15501797795549438	0.15660055117804603	0.13661313275055906	0.1505932176999969	0.1501869674492736	0.15151247732509682	0.12786297550288786	0.15195406929895247	0.13381161259379903	0.14179346066688248	0.14076132618108964	0.13766256943360028	0.15045777709580072	0.11865300962562586	0.1431142251706403	0.12113981650601265	0.12602457962667762	0.13748291497624368	0.11752475451345287	0.1294049928582088	0.12338011218327567	0.12329383193541858	0.13558817808391593	0.12693677115885063	0.13617343304843305	0.1187451843698404	0.1331565111257159	0.11136259689695208	0.11911858992384959	0.10810752057042858	0.11700775176355434	0.10396854733021943	0.12426233673245488	0.10154218990967173	0.12504542976558242	0.09680524149127384	0.11382833624464597	0.09486906634588692	0.10676247025391031	0.11608825422836075	0.09336247446191856	0.08972809313132972	0.10254768763855793	0.09715414441436827	0.1016646047941598	0.10354899773094811	0.1028776629300723	0.09971106857068118	0.10182596800095164	0.09682626372959524	0.10297358191586818	0.09319821530282893	0.0903662753826088	0.09039017341040463	0.0977834580059893	0.0973517849881083	0.0838175299789838	0.09326945462120005	0.07910814385589217	0.0910705194273013	0.08490687219010919	0.07819049177439047	0.0908671183818116	0.08967496897602066	0.08349621226638052	0.08180309028221172	0.07801093194184504	0.06665194747847318	0.08574512412460152	0.08883736927251187	0.07439129771768413	0.08720817560496634	0.07643796064128866	0.06677368407425627	0.08201803833145434	
0.12170394767238478	0.12790631034697564	0.1394703425885926	0.13617142011995062	0.15081985600818804	0.1513839682264174	0.14576701668801853	0.15077005597813373	0.1421708084481037	0.15364587518683404	0.14756941061860693	1.0	0.14726837934701756	0.15298425439174973	0.15026113901591823	0.12978308801219077	0.1390590180936497	0.13926417805657443	0.13461875815148996	0.12913381278340988	0.12645623218489355	0.12092968294178034	0.13189065883676662	0.1339152833428735	0.13563699321887174	0.11982143408817078	0.10965073905744585	0.12880484114977306	0.09731200499124798	0.1302474972608702	0.12649527460181084	0.11713679881770866	0.12597280785513296	0.11686698448935742	0.09388452829513215	0.09526277691888366	0.09726169780255157	0.10268965399167937	0.1150731233894448	0.10857365411510612	0.09256459834768851	0.10050043852860754	0.10045932997150536	0.09767934123234982	0.097805575980935	0.0993355629877369	0.09138465811767973	0.08869058801427766	0.10758854504796941	0.09840340069225754	0.10408231965281632	0.08458727738297321	0.08097072862154235	0.08647166700627976	0.10127494057480371	0.09773405221129083	0.08696695587963818	0.09398602987108864	0.0933332119479621	0.09845860835955224	0.0921005147296245	0.08649227921476935	0.08743449047091045	0.09217165740469	0.07837470573599495	0.07759731140618492	0.08339406958456404	0.07366507436130505	0.08249156583594686	0.07985780108039403	0.07137364416383357	0.08457892818082391	0.08070488339181513	0.08065704755255605	0.07325198604348597	0.07477889844853317	0.08306962790922727	0.07627102129898475	0.07782337443561893	0.06717776519135853	0.07402307108929071	0.07109341390453514	0.0783702173308435	0.06342434584755403	0.06982348334237003	0.05660747268168357	0.06685615673535682	0.06800266123666862	0.06311210036422502	0.06346695157280516	0.06582933667443747	0.07100176451716395	0.053674786591713514	0.06473501382404473	0.062316790685279705	0.059372922101171295	0.06595206501907447	0.06216527762192821	0.0591637333997861	0.056384435589328555	
0.1089045913853396	0.1224025209998056	0.12979309750898874	0.13700013086802895	0.14582886241702284	0.1620552294398896	0.1605753584112316	0.15441720544887735	0.1619755209522914	0.15651128228981134	0.17222121638371657	0.14726837934701756	1.0	0.14281491434329863	0.1424992818923306	0.1467304625199362	0.13724467819818187	0.14063028050016899	0.14452303258186877	0.13855435792168463	0.14778863565916767	0.1332938767675475	0.14579110478264512	0.13325501773693688	0.1392113901645991	0.13362774648005574	0.13765145956007374	0.1408180184025412	0.11061285500747384	0.13908939252146316	0.13494881594521094	0.12467691768519736	0.13236519902939597	0.113702597104114	0.11246596424766189	0.11377693732025371	0.1072924716313499	0.11601799922967806	0.11455270028858046	0.11371765508503484	0.10432159054646024	0.1104324594775746	0.11467089611419508	0.10728591943163782	0.1083622741639677	0.11134478556547034	0.1010078249825884	0.11967822168569377	0.10820112398667131	0.1193302891933029	0.1012014787430684	0.10091371855764521	0.09139573245357314	0.09988011926596105	0.09797904563285167	0.1004540004304293	0.09590593134703126	0.09812667261373774	0.09109918169571948	0.10928035393107441	0.09577684374637888	0.09631973644284537	0.09492380451918024	0.09720764224228427	0.09076905098322514	0.08656144355203377	0.08427486768824476	0.08952657316352303	0.09095118401905014	0.08545967786572203	0.0798525937397556	0.08963806764557407	0.08610192139832107	0.09126877176338684	0.07825313704179429	0.08720046494992847	0.08514940946152356	0.12082588197041132	0.083197069788737	0.07362462289413918	0.0859721959418096	0.07963475620646544	0.08183197315822693	0.06798442307473972	0.07991033903054076	0.06833518210390091	0.07694489511124221	0.07621041729987729	0.07301827717557166	0.11371345130097847	0.06629580249183946	0.0736	0.0584425435576665	0.07414113067487439	0.08394784224227898	0.06202366511798228	0.07208316394680295	0.06189824321241159	0.06700023272050268	0.06748126801152737	
0.0973068629487225	0.11996201349140401	0.1318841918256249	0.13486033941867936	0.14659913435859656	0.14726446857475545	0.13207867484781607	0.1538147037688629	0.17777074794377357	0.14549535997778343	0.15294386255315506	0.15298425439174973	0.14281491434329863	1.0	0.15555661919055858	0.1244256078518849	0.1404684869222473	0.12920869954250913	0.1388500494492378	0.14676794494397344	0.1300107433022225	0.10720336891974142	0.13474210798688976	0.1374453116935708	0.12216248267241449	0.11831536353182255	0.11836078894880697	0.12230003125501558	0.10167055511256805	0.12443588562816595	0.13026326833226087	0.1167637891313186	0.12816195323562052	0.14087823403750296	0.11189411115877199	0.10307701718969842	0.10080296739657316	0.1076126952688861	0.12374059883638427	0.13096666834753667	0.09943878112463861	0.10154275510104509	0.11027404290259674	0.10728725170413485	0.09503523188435058	0.09675909913942181	0.09455757755929756	0.09347912911130062	0.11659885667198847	0.10241850683491062	0.11161987220846255	0.09218148852430018	0.09043804894216428	0.08389008677918575	0.10248341817060003	0.09992881957355487	0.08159033442303827	0.10675668318179343	0.10087061567941348	0.10153067787162887	0.08727686135615824	0.0971112061783712	0.09182115594329335	0.09380241803725084	0.08460613813562126	0.07777976563198855	0.08375250118840996	0.07527205759249958	0.09340117811547366	0.08733383207688324	0.07048333784244763	0.09674696596404782	0.08338276606936998	0.08563526632254308	0.09981857392256872	0.08035153797865663	0.09050895929219357	0.07462703372178123	0.08536088079380182	0.07922119149236359	0.07947403146088225	0.07318828801634662	0.07994749991365117	0.07137033404624891	0.07204896531623434	0.06366283967554817	0.06694926261350084	0.07750957450546361	0.0648780889427318	0.06661638111657867	0.0794935012087991	0.07497235961594413	0.05970258143748252	0.06954617178116389	0.06842036132637587	0.06957682043461685	0.07361606872769072	0.07417171357320983	0.058237362104497516	0.05755102040816327	
0.1250771425391783	0.11726384364820847	0.12642590961447253	0.1326472593165019	0.1435789721067552	0.1473572568829408	0.1414034177619872	0.14870868946307855	0.1427584933782758	0.1526025804148699	0.14935640580121273	0.15026113901591823	0.1424992818923306	0.15555661919055858	1.0	0.13294024634436488	0.14978571208337188	0.13859184829772433	0.138495526531856	0.13184939691846848	0.12819081113064928	0.1240208770654491	0.13434484412059355	0.14113100402239925	0.13424592120970952	0.12452577549654095	0.11899766365843603	0.12243562861695882	0.10223367697594501	0.13340095108243824	0.1338477766057847	0.118941309376513	0.12938798363907264	0.11893683952756795	0.0986199285157397	0.10073687721745458	0.10379437475847807	0.10759956860026192	0.1175366480845393	0.11147554097836086	0.09824422180339253	0.10510219882316507	0.11046103440205944	0.09857913547124855	0.10473740578738226	0.10262719983863648	0.09364970800231494	0.0962883730880308	0.12038719954254906	0.10253363766167443	0.11530486987198663	0.08871753869070437	0.0850225471739416	0.08985641500694766	0.10351295695965095	0.1016677897574124	0.09118171332704204	0.09885201329247767	0.10283567144612017	0.10335560489053654	0.09490078849319816	0.09616950097574575	0.09374493511545236	0.09775628918939337	0.08360283192028668	0.08349486602939711	0.08956695069327317	0.08241563840608554	0.09318215351788167	0.08703581279777509	0.0726514639770795	0.08531308954937246	0.08259789791121558	0.08609330286829787	0.08245185787903445	0.08249012904191272	0.09528025231007581	0.07800231977159172	0.08362783705249459	0.0718725990081721	0.07805873317897342	0.0747272455537289	0.08320981460789456	0.07171435925033343	0.07473679349833764	0.059254494121010685	0.0691138648585457	0.07762779478615828	0.06773028997321533	0.06734461669748258	0.07817257680414204	0.07942471247147763	0.0580334576964737	0.07398771146424782	0.06685895314199253	0.06432741640620393	0.07138237478142143	0.07888642001434298	0.06503557758072451	0.0621516595562633	
0.08570804353697495	0.09611360715461661	0.10464256920182746	0.1594786250627907	0.12436819987335214	0.15832247585550108	0.15906818506447132	0.1485403739087684	0.14667439889369674	0.14347820717082269	0.17348312520310105	0.12978308801219077	0.1467304625199362	0.1244256078518849	0.13294024634436488	1.0	0.12938553736871997	0.13808822607932827	0.1490477712394954	0.13441980257201375	0.1661769868987564	0.14063177678184183	0.13902694468247168	0.1252358060001217	0.13491847468193272	0.15689232149846774	0.1359949068654632	0.12877892640805427	0.12444718935074388	0.13631882054826078	0.13527964368400835	0.13071410674016537	0.1320315337449527	0.10699571042736854	0.10965013102845846	0.12740329463589226	0.11401628804114873	0.17637285669298178	0.11437312094519753	0.11515666610006232	0.12462521476457311	0.11228690932520831	0.10802126675913083	0.1049317943336831	0.17418432636021236	0.1203716417227333	0.11499111388635382	0.11393473712544812	0.10942848854076008	0.12136833353129825	0.10497276483846732	0.10615775313670765	0.0942151874882231	0.16187512764756057	0.10341113105924596	0.10197435620125696	0.09795361854301468	0.10800123571207909	0.08917451888056019	0.11798693889441868	0.09708448658913478	0.1001078084090559	0.09315509345215991	0.1038071693448702	0.1241083628978676	0.0922034589032373	0.0859869008259268	0.14663531804028723	0.09126630691046261	0.08963474827245804	0.09708108983441965	0.08889815273182043	0.08643879801624234	0.10331764435770864	0.0797873033663934	0.09156992224944084	0.08251278528356613	0.09144470829856877	0.0873420011890299	0.0820576453609916	0.08929162857862036	0.08098479208763161	0.0928015589819216	0.06820494038171977	0.09002871835971415	0.06929513465587941	0.07487022404141988	0.0750876156459388	0.12305865526035271	0.0799030476636415	0.06973734926490832	0.07323868559621409	0.05991784778006757	0.0732854131762417	0.08138720705136127	0.06893435214854983	0.07619711437931274	0.06371077762619372	0.0679519418832076	0.11631440806741263	
0.09755216330954747	0.09574946966082552	0.10636815326115089	0.11191924696063024	0.1266247774143192	0.13895499848988221	0.13470336556278004	0.14579983576126035	0.14478451452732843	0.1408202038035656	0.14519690388954942	0.1390590180936497	0.13724467819818187	0.1404684869222473	0.14978571208337188	0.12938553736871997	1.0	0.13150370704133044	0.14088811709253288	0.1367469211139465	0.1329864460619525	0.1187265026412221	0.13606509560162136	0.14134010820295365	0.13143215987588194	0.12396610853338713	0.1235358851153314	0.1198853373124951	0.1092798532903863	0.13022017528517849	0.14357527118793545	0.1249256647693484	0.14451123206108604	0.12539410863886136	0.11236286349619765	0.10835529945442285	0.11551268802388334	0.11227769940565667	0.11519486926492353	0.12534185241656381	0.10694597574421169	0.10674484074358437	0.12482542978260601	0.10491261163703264	0.1101270883560897	0.10840088520461187	0.10086392254309956	0.10648415742735537	0.12262933174461324	0.1094638789560083	0.11784812194478304	0.09713937918441874	0.09992161950322982	0.09336596676542573	0.10241799623426816	0.11426362582141476	0.09645659196964258	0.10871239278791259	0.10396568855572465	0.11352653858677955	0.09860996238093968	0.11851913316461297	0.10127289413830254	0.10372810221401724	0.09481944931366468	0.08623739971199341	0.09737625101433595	0.08807028106954214	0.10915876224537396	0.09811277853569804	0.08391730903994393	0.09160283887288315	0.09424687628724426	0.09646664468622926	0.08984561738983718	0.09464067333285375	0.10350826723653749	0.08085977482088025	0.08474647121936266	0.08526905567876736	0.09093250901597115	0.08288205467055461	0.08854137048620984	0.08671012450082217	0.08293626729042132	0.07131591991228202	0.07536597529850089	0.09084308657392617	0.07643349293471914	0.07554547353968301	0.08669839044109968	0.08624366067312125	0.07084170166149352	0.08356114319128718	0.07585899152164212	0.07039558581408802	0.08150858940237116	0.08314005879485323	0.07030148697194306	0.07001781890600901	
0.10385537187964967	0.10955953431681587	0.1119543436624708	0.11466977396947203	0.12938255931261974	0.13950436236440722	0.14468042045612658	0.144104521052972	0.12336753394807856	0.1435678749111585	0.13702020429284975	0.13926417805657443	0.14063028050016899	0.12920869954250913	0.13859184829772433	0.13808822607932827	0.13150370704133044	1.0	0.13643029129025835	0.12182766959399262	0.12964051065648202	0.12800181241504305	0.1255108960612892	0.13659830595267078	0.13471432324995974	0.12085741324341459	0.11097971974221013	0.12297984098670706	0.0881126998364375	0.1312945647637568	0.1254245052832857	0.12329228725196646	0.12281743188749923	0.10305866588161247	0.08678756476683938	0.097234396914446	0.09856948228882834	0.10465684490699827	0.11261338699727973	0.10095627971452398	0.10570842682756622	0.10689831801883735	0.10475433717388426	0.10462439840970915	0.10522549869904596	0.10167453655124169	0.09367274059152092	0.09461333209046525	0.1044235434876533	0.10233116603611155	0.09879474886867691	0.08797857330750651	0.08110207056405845	0.09002736777015653	0.10246939520276024	0.09788223436300954	0.09340615486357365	0.09423997553430491	0.09611461112481223	0.10831001225801976	0.09617179102538359	0.09128377719246902	0.09582714827643081	0.09925640060240964	0.08142044573758958	0.08691020892342702	0.08895371776324441	0.08454039165468669	0.09000497265042268	0.08310539922814643	0.06859773642816037	0.08251910851658545	0.07815434574513201	0.09007043192590707	0.07404016282896772	0.08348063229129842	0.0868219303973494	0.08375916192055807	0.08288120197382957	0.06567393110500415	0.07803958529688973	0.07892480710071108	0.08973125601269381	0.06970736785287428	0.07862507440758894	0.05820965965703498	0.07183491068791494	0.07270413033793674	0.07089242100686674	0.06862655628707386	0.06474145120934112	0.0776163929867142	0.05937180966018323	0.06842159172385537	0.06720482522845742	0.05866334707850308	0.07132024213011197	0.0626162910895183	0.06943122951686224	0.06419811197405925	
0.07722021411059367	0.10158097707833655	0.09525378068219918	0.11058277120424638	0.13002584573915116	0.15871758065458985	0.16359702976086066	0.1446894689468947	0.1474118529632408	0.14621103250055273	0.17260459802941597	0.13461875815148996	0.14452303258186877	0.1388500494492378	0.138495526531856	0.1490477712394954	0.14088811709253288	0.13643029129025835	1.0	0.13348521721120488	0.15686102201326949	0.12908402336478594	0.1582111303397395	0.13332924473337218	0.13748668466176456	0.14197763538132932	0.1360303287274904	0.1442070164944114	0.13136440966315074	0.15368948941714936	0.1594772563541917	0.12039672063649684	0.15551716917922948	0.12248598106634549	0.12062000401111653	0.14185268814130964	0.13540949243898787	0.1298954480511677	0.12814928412180884	0.12709896265852183	0.12077435876024661	0.12779174678302027	0.1297135108623525	0.11797011710862834	0.128569415081043	0.1280378358357788	0.12724356064045522	0.12660189360482235	0.12424431332183192	0.1289109147360879	0.1141411467066749	0.13200949570127038	0.10466774560546092	0.1193234300943382	0.1260685305986664	0.12387343037610385	0.10877388463102103	0.12151835171905158	0.10080098945756523	0.13405130093274423	0.11219643054393966	0.13485292664448764	0.12121021512139891	0.12332422843866754	0.10749388694443113	0.1113104168025569	0.10226306757125214	0.1112104997804414	0.11844463229078614	0.10524524899195263	0.10132677269132766	0.11140957625411323	0.10395336305295645	0.1212398490220748	0.10572642824746771	0.109921607901371	0.09757686294945284	0.10904837992323785	0.11419835150226004	0.09489858635525507	0.10380029167024106	0.10319511942922138	0.1033549507225655	0.08924116699987615	0.1031785943433853	0.08380314989269996	0.09324355371754767	0.09557398515931907	0.09403826893679827	0.09062528196336732	0.07942863326479818	0.09014649670512133	0.07976650102525262	0.09201957264054635	0.09798882079117166	0.08669484846313678	0.0994187432385353	0.07450714769526932	0.08752896178882719	0.08994057109726047	
0.07755624849076612	0.08619359341728942	0.10074294974942358	0.11320373234666747	0.11237577169110023	0.1516053055658857	0.1284282791858812	0.16041108449833336	0.20130729438184225	0.13046536547525917	0.15858794765090556	0.12913381278340988	0.13855435792168463	0.14676794494397344	0.13184939691846848	0.13441980257201375	0.1367469211139465	0.12182766959399262	0.13348521721120488	1.0	0.14747452167816535	0.11634524812850132	0.14426601409471396	0.125572642424012	0.1177623613966985	0.1600337090487728	0.15521474494398702	0.11770127183730313	0.11986741862075789	0.13437613972525023	0.1364361517652771	0.1371973587674248	0.13594758762246859	0.1387739662876191	0.15536294971951237	0.12146596858638743	0.11921101239028731	0.1379813302217036	0.11344112593847819	0.14150558474014382	0.21059141277734306	0.14079166258929446	0.13037299714483136	0.14132311346744866	0.11109267084551455	0.10879232782067312	0.12069317578513185	0.11747364908084656	0.12464967652374342	0.11947884312855472	0.11784998739501373	0.11037647902474006	0.12036453258439847	0.1037047126123672	0.09516715021302177	0.11414168937329701	0.09531940266146299	0.117623896045452	0.09995086125609254	0.11653000757941157	0.09704319312528267	0.11392237771479757	0.09375396277457625	0.10410365347551453	0.11679437328453797	0.08514664143803216	0.09582676036139395	0.08964976476738108	0.10211780974282665	0.10009371504579945	0.09093737361167284	0.10390619164986183	0.09857184494316526	0.09363973054154151	0.09570779531324725	0.10000765755417719	0.0959746471092762	0.08057220068147104	0.08221205796586586	0.09458072940957	0.09396034477507385	0.08191783754032443	0.09810978375926206	0.09010672592407123	0.08547534128643464	0.08886109641316722	0.0780751672815959	0.09768621628309825	0.08523345879864373	0.08045098413911714	0.08381746701259013	0.08122948556704193	0.07487726371232566	0.08321520367629878	0.0805775944144716	0.06752203009065165	0.0844019509674085	0.07917080163193296	0.06703042274500914	0.07830853563038372	
