1 0.24283089346102285 0.20866675064252582 0.20897922398254434 0.2164523665925021 0.16943318813437702 0.14848976535197203 0.14518567780712596 0.12320757668027726 0.15544380887678413 0.1305041755243412 0.14014670352935316 0.12562215899800516 0.12101405695478908 0.14041666398667293 0.11282623064648582 0.11705496455702205 0.11597432049137515 0.11046874292146265 0.10084602135246057 0.1027092740534908 0.09659342790646126 0.1008378769139652 0.10819149588279765 0.09450630157487407 0.09306877211935419 0.07931754571689603 0.0959712350066637 0.059344632093158746 0.09998507685420087 0.08888038857654251 0.08251096099741506 0.08826678182986089 0.06714353344971447 0.05540084785680641 0.06071452691294658 0.0647266406431456 0.07001460773294575 0.07393367692834804 0.06808378174056122 0.0663335148740745 0.06768757890114716 0.06834377505270346 0.06630551592352016 0.0645036951381322 0.06443310438949133 0.05795922977017336 0.05730490240872412 0.06925651854435876 0.061535927157276786 0.06458122356585454 0.05336653985734904 0.04990340295419627 0.05626633030002703 0.06124680462000635 0.05864873494994271 0.05390168752014753 0.056887305527657236 0.0599136742133395 0.06198758744610388 0.05496357857973507 0.05147182635051357 0.05215495301116033 0.0560474206694238 0.0497694592356833 0.050666270598405824 0.05047819448348159 0.04602384358607534 0.04882491277148435 0.04482132972507534 0.0386835647187901 0.0470902537607333 0.04468267057601857 0.04949840444843598 0.04106366954405886 0.0434207940440913 0.047806093486286415 0.04588355871015114 0.04445948908899976 0.037779640755748065 0.04272957709583722 0.04347423634680654 0.04352188202733091 0.03638549078148931 0.04146596374042122 0.0328436553093083 0.03688766171315112 0.0391556483414521 0.036942359384319834 0.034697688895805774 0.03555697364939532 0.04008893211978045 0.03030918810766874 0.03774608377600323 0.03562720920194585 0.030530653698169957 0.03456950227729037 0.03588762711009548 0.030203669099413556 0.03265318839845926 
0.24283089346102285 1 0.19781319971197758 0.18011333153611475 0.19122000051779042 0.16285993201188062 0.15283754977275468 0.14295543266701252 0.11301151021245374 0.1556978993870412 0.12550831140617463 0.1422585292026039 0.13063217968879803 0.12423769456147145 0.1332782742774446 0.11419363268150341 0.1114243825420097 0.11974435542892478 0.11809711132965513 0.10088084310445695 0.1067024195456451 0.10656507369213523 0.10544557755115644 0.11115750894960248 0.10452226373871917 0.09514770236105395 0.08028281645334534 0.10475199157339482 0.058540297412250704 0.11155434656404983 0.10183941910336466 0.09020279111271273 0.0955793563290807 0.06755032700804427 0.053363737934318735 0.06303208086034827 0.06823337925265173 0.07391358177541166 0.08235144062242981 0.06715517125331491 0.06934477066750905 0.07451236864665176 0.07044437950954169 0.07077018523442347 0.07078136850561198 0.0707186389828301 0.061358896491163877 0.05890507799230635 0.0775098325654568 0.0676664743377145 0.06637034362943074 0.054579522475557946 0.05058320715314339 0.05904580448427223 0.06914715492039931 0.06475128644939966 0.06068381901317137 0.06135529446483575 0.06353395180276458 0.0683820776683072 0.062237910472521495 0.05793179389793814 0.060342077154628304 0.06489870781790852 0.05273060973523742 0.05873076245164522 0.058078087796759055 0.05140886314830481 0.05456532035320213 0.04792711475579033 0.04069172133945163 0.051832495059334814 0.04899766921455787 0.05486356310381129 0.04366577328149183 0.04777903256164126 0.05293053041904497 0.05292283019659582 0.05042727016621279 0.03736738423563477 0.0476672044553361 0.04993099160123037 0.05020688878672159 0.04045173953858846 0.047157458433422825 0.03459702062643239 0.04253664458428373 0.04342547230870258 0.04071988977220536 0.03908909552308447 0.0371412653743411 0.042963500827490606 0.035967813737081696 0.04145784582153041 0.03982376674786845 0.03244696628998459 0.039977226950659986 0.03677133449103728 0.03703668139043595 0.03590564994374845 
0.20866675064252582 0.19781319971197758 1 0.19141792712520803 0.19164574659877903 0.16299580408185435 0.14617949719009568 0.15109788135745922 0.13264817986821598 0.15735113114327814 0.13846856073246416 0.14947321036216119 0.1346762394093028 0.13220477773908784 0.13850187460366317 0.11962721038916788 0.11883106144723475 0.12194832490457833 0.10992795213090731 0.11151276064729088 0.10963014626273768 0.1064227895266461 0.11229480846076843 0.11303034986150573 0.10791974742186773 0.10038882417600446 0.0883008795978494 0.10055947398911841 0.06674644211790576 0.11021089388869534 0.09556238736351108 0.09449109068447832 0.09589263303480718 0.07714972914220361 0.06468944958631954 0.06689842255046906 0.0701532025402284 0.07759193285429623 0.08328148799691074 0.07806436087593796 0.07345341253758803 0.07479439300677598 0.07698680213725602 0.07469808694750127 0.07144076140466032 0.0716515951041142 0.06174391341945031 0.06419432763711193 0.07864208298089607 0.0715566833623404 0.07337342665956895 0.0574217161447743 0.05691625424638747 0.0613007414910679 0.06672078208544355 0.06509386143544414 0.06116376118105662 0.06360360522272045 0.06547223091054066 0.06885534770304184 0.06420181047489044 0.05940396056704194 0.05816232288874372 0.06186250487150428 0.05546721920677462 0.054452940006868754 0.05768650362849279 0.0522740857468891 0.054314514471538775 0.055059285828516595 0.043849526886683594 0.05395197781345789 0.05075981091970432 0.05320906087777254 0.045665499526710965 0.05037164670192193 0.05549125630685209 0.05020004632173625 0.04839993049140746 0.042881638727508865 0.0502434756318227 0.04643310962379181 0.049767883905398984 0.041511245706688335 0.046521228578767754 0.03685076555513205 0.042534918619415905 0.045921489067078866 0.04212137558380245 0.041764975826376366 0.04285442753364518 0.045935211332277244 0.035022156779601785 0.04396597848748178 0.040347610180012414 0.03372827362655787 0.04083514579656013 0.04211401644645662 0.035536363551393134 0.03687752355316285 
0.20897922398254434 0.18011333153611475 0.19141792712520803 1 0.18529544932983522 0.17794395925688564 0.16030122422680412 0.15580371262438264 0.14028142120775508 0.1647809779696685 0.15439570480077272 0.14625429663657682 0.14098360655737704 0.13366830682183056 0.14199324918546313 0.16331717957062067 0.12385310820562699 0.12426955170228099 0.12365048254414593 0.121122138001094 0.13205710577547047 0.11088024527186761 0.1213542757417103 0.1199443757167496 0.11010725272288889 0.12097247594404084 0.09987823320305596 0.10849755519336197 0.0832626100471375 0.11945384590453878 0.10519433629009436 0.09685269617744945 0.10250207727972231 0.08182992291237842 0.06994280982325389 0.07989051583095809 0.07719557650247974 0.09936163755143469 0.08923113445502834 0.09031585763137127 0.0809768122332004 0.0815313859540087 0.08379293564215905 0.08207015916243945 0.08651481882481508 0.08021915699499706 0.07200930352758754 0.0758295314762624 0.08632451774437157 0.0791849632699963 0.08037386983790828 0.06988064419577923 0.06360987064175944 0.07725419120978703 0.07061106713311713 0.07440925606205066 0.06661117448181603 0.07214585669944443 0.07081162110072096 0.07724090972397749 0.06565085256447013 0.06678368261890161 0.06274398986886034 0.0685048293357454 0.07045318990865047 0.06052903828884419 0.05847573801027616 0.06312741820861738 0.059603564516472064 0.05664311856328198 0.05722928856329294 0.05805872765593727 0.05728859286738049 0.06131764333394897 0.05080452999919681 0.05608843482948753 0.058943762249299855 0.054888870109017156 0.052884077803276766 0.05322062407004076 0.0544961744901988 0.051036767849508335 0.05591935526770753 0.04513715039435785 0.05284898229639248 0.045770539488893834 0.04609486063843536 0.05006970509383378 0.05276681754163397 0.046262036135453856 0.04937349866909044 0.04899579485752806 0.03731440762833631 0.0483937762527362 0.04772895574666357 0.03928309173488537 0.04790966352273098 0.04522897369994989 0.03790133637709099 0.045883238804110535 
0.2164523665925021 0.19122000051779042 0.19164574659877903 0.18529544932983522 1 0.17797945740855758 0.1671863279378937 0.16509408185941457 0.13561561501895003 0.1716898304790658 0.14883441148627327 0.15961443178235216 0.1501297142414621 0.14584848901909125 0.1525377306813245 0.13608416177586138 0.13528082782115555 0.13775600542997107 0.14026211942889705 0.12284873010124549 0.1254040420097712 0.12271964717178219 0.12600277876850516 0.13018347869014316 0.11935020794190293 0.11581387593521911 0.09852473308198317 0.12026716628031289 0.0733081814730448 0.13485322368107705 0.1132567497695749 0.1087771279477286 0.11300171798898899 0.08459408624134024 0.07031583761048901 0.07807868821111005 0.08784186556665634 0.09168721724984336 0.09915968305436942 0.08416636392401355 0.08749116280147885 0.09164689867492232 0.08920998531571218 0.08422448332516647 0.08670120493225186 0.08491041991763561 0.07548076634245102 0.0750753107511757 0.09048625792811839 0.08345938992579535 0.08300572575408771 0.06816916232705288 0.06444561142117411 0.07353134681866574 0.08209357577481144 0.07723949632663325 0.0725417661097852 0.07328463075306821 0.08159475825527486 0.0849441677305666 0.0749100484797738 0.07212908478590725 0.07397971622214637 0.07720872846913103 0.06658867115140879 0.0682990715977454 0.0697867154174284 0.06502887512811228 0.06858569175556024 0.06169157937898386 0.05180244020736093 0.06335727877326623 0.06122122958575519 0.06703470516915616 0.05541747791627278 0.05999064400436613 0.06689733304755198 0.06263477628676697 0.062082905743694995 0.048677983214488546 0.059661853819106755 0.05918874689252833 0.06190242478085026 0.05191434133679429 0.05838303719201824 0.04435117173837006 0.05326376022485222 0.05584469331193017 0.05326910014842394 0.049734537943967864 0.05099674300125464 0.05567508067945864 0.04494812205674031 0.05486089698007061 0.04909451136529076 0.042251455462527815 0.05093608121205938 0.04790404056329501 0.0449242399974373 0.04722770455079104 
0.16943318813437702 0.16285993201188062 0.16299580408185435 0.17794395925688564 0.17797945740855758 1 0.18762035424908177 0.18037913690087604 0.18441099311176892 0.17188764371998252 0.19730804739724697 0.15928650622040635 0.16850748388580394 0.1506285982845729 0.1552085852281268 0.1692710723843552 0.14810229821444176 0.14781507896429832 0.16800496047124477 0.1556499962055096 0.16857364901778227 0.13922337668295146 0.16239077895519613 0.13896114422984812 0.13327825335261131 0.1513817020808103 0.14077649314185378 0.1383834271712664 0.11269452462688606 0.15335934379896163 0.14315082861338368 0.1252282123705432 0.1453593170764888 0.10868308474968204 0.10594214229867084 0.1182093620783335 0.12181763135441609 0.13119336134162007 0.11343898982089937 0.11768911129976319 0.11524571870414467 0.11520122067518596 0.12214219726798992 0.1130697074310423 0.11598659217877096 0.11170493711114095 0.10984623384341108 0.1140424735709608 0.1139316553536042 0.1332392792033493 0.10143421326127625 0.11056755207338047 0.1005818548886286 0.10531460663795568 0.09457764528384201 0.1054167898315105 0.0936027121633913 0.10081574077570905 0.09107633193471504 0.11511630058659165 0.09342410470137855 0.09799843279900164 0.08851540616246499 0.10132567761546905 0.10101086801765459 0.09260144110395443 0.0848276582212392 0.0882268251012612 0.09077490053471754 0.08299006897901277 0.08206 0.08867052699303972 0.08704097233574046 0.09230086959875056 0.07760259863729996 0.08800015752993069 0.0818840995618818 0.08513843687529575 0.08074254126318266 0.07698093528426585 0.08425236357196966 0.07888218983432174 0.08179558930004109 0.06742292379408998 0.08107894788768523 0.06727723174396881 0.072694520890668 0.07565453083269626 0.07679032789011142 0.07085112180942865 0.06295365294729298 0.06848272111534089 0.05737211225333565 0.07288775286059468 0.0736716923325002 0.05753268207125813 0.07105346344845871 0.058931970744414384 0.05819496958737465 0.06992511637320381 
0.14848976535197203 0.15283754977275468 0.14617949719009568 0.16030122422680412 0.1671863279378937 0.18762035424908177 1 0.18623932681598812 0.1478837247702094 0.17202705986163153 0.19254262577907647 0.15591863233066436 0.16584887144259078 0.13908093978624347 0.1516283260430442 0.16910914304725994 0.14396890350409616 0.15293625849602874 0.1739543642587492 0.1366108481042023 0.17125152731715831 0.1565640812365703 0.15524776854416744 0.13844056978541627 0.14141046316045017 0.13655272362923931 0.11874195184766068 0.15174900703783709 0.10036214235794913 0.15540440504080194 0.14783128119159103 0.12985650593833128 0.13555575119093036 0.09582096933728981 0.08479713214925859 0.1073106881531232 0.1253177807686556 0.12363884074812417 0.11554526199101292 0.10213004019725665 0.11468281383346202 0.13318661531536038 0.10797819210920592 0.10587252207355502 0.12162414243372645 0.11949254599061501 0.11270107783133836 0.10584751226655302 0.10625949116931206 0.11393106978331342 0.09520110840540767 0.10295814245231241 0.08803052617485607 0.10890216643741403 0.10844735590892282 0.10510901749663526 0.10098221737176606 0.09664770530733971 0.09462333887917782 0.12002028025587642 0.09572860719287991 0.09853616402236669 0.09958413948006316 0.10341424906256168 0.09504968101896104 0.08926630891430748 0.08570285231542207 0.09704408535555431 0.09365364259745042 0.0848382935593845 0.08017111996123802 0.09027419410327864 0.08154283650807981 0.09623634614296225 0.07474735673812723 0.09045447689326697 0.08257343786803055 0.08849015515833408 0.08907405911341419 0.06815918038229854 0.08473790369322792 0.08897161470451373 0.0841693060754391 0.06734054501389135 0.0872326319829722 0.06808090774543661 0.0713001514004542 0.07333020857745488 0.08276577192279594 0.07290322580645162 0.06267029972752043 0.07243976957343097 0.05914551443518698 0.07457563139207059 0.07809835048841286 0.060930035677571506 0.07374888131001621 0.05827381586895498 0.06628674631164046 0.07447356751638921 
0.14518567780712596 0.14295543266701252 0.15109788135745922 0.15580371262438264 0.16509408185941457 0.18037913690087604 0.18623932681598812 1 0.1872026394854916 0.16532205931787036 0.19093371975806453 0.1615242525826093 0.16221093845589135 0.16054355662831887 0.1586916217886466 0.15988950986060255 0.15641919145715688 0.1523894693903166 0.15658808079544745 0.16950482617907872 0.16125374297914563 0.13468878062507694 0.1613741262174926 0.14501281359589965 0.1322644232461544 0.13523015289019705 0.12388151498918715 0.14128339787456015 0.10328243616287094 0.14324484401658402 0.1432629393096423 0.14229692943214484 0.13663718926876822 0.12213436248086079 0.11709627793211072 0.1041703094946669 0.1310326820140128 0.1286370909387389 0.10677324527846012 0.12265086161439329 0.1235655356367471 0.12291503414306504 0.127592416057621 0.11511395646606915 0.1110642248290995 0.10965737354949166 0.10885855230485691 0.10192969367643948 0.12033036848792884 0.11727523513695506 0.10997114459762744 0.10025463306575927 0.10497463776357391 0.09845217505527946 0.0993512152609664 0.11128294560889737 0.09673060156931125 0.10207918228586224 0.10132527020072053 0.11793536192705414 0.09007429387103663 0.10506918851262081 0.09445552633965001 0.09816321058276725 0.10392876563349647 0.07912379081533595 0.08787672784953546 0.08748263550049941 0.09888046565118408 0.09365381452503466 0.07735446289663157 0.09759178469923625 0.09192995374738247 0.08824717519014807 0.08155626810341744 0.09031188968455939 0.09090389343090732 0.07903684685309832 0.07755606568956383 0.07994675057485175 0.08913958658530817 0.07835457760687413 0.09088025563008822 0.07798945501490052 0.08121032334618808 0.07569559609360604 0.06803312329494701 0.08426791649728592 0.07459958635948247 0.0747579209249006 0.0739990728767658 0.07597677628134963 0.06597917748596582 0.07246812967220811 0.07482256120573161 0.05828383734857933 0.07643485132865752 0.07351892368875941 0.06288242258084616 0.07115504606237077 
0.12320757668027726 0.11301151021245374 0.13264817986821598 0.14028142120775508 0.13561561501895003 0.18441099311176892 0.1478837247702094 0.1872026394854916 1 0.14785764028882453 0.1965427464834083 0.14624725356352575 0.16205740903716742 0.17797982200188425 0.14783207391603695 0.15482923799395815 0.153367855321486 0.13218069762543613 0.157036087977792 0.1882584794108495 0.1655585036098984 0.1194086151073483 0.17278313561491848 0.1343936540205487 0.12835705072410575 0.14801420448356245 0.16120394043305988 0.13074059623111073 0.1401576706643925 0.14518577875247776 0.1528366044264153 0.12928501469147893 0.14693867626319118 0.141884089936038 0.15639047671901882 0.13579690551299384 0.13367916457312023 0.1425529783077 0.1161186848436247 0.15541184923900972 0.1281087075679741 0.12847248268446979 0.1556486674635178 0.13106820587790494 0.11352022479252434 0.11864562184818914 0.1196637911966379 0.13521599328952888 0.13565642109685805 0.13491063322357277 0.12898941468662425 0.12940836940836942 0.1447831268216342 0.10731146598793054 0.10068839900356254 0.12280509218612819 0.09994148306411006 0.12718974998582686 0.10905890354328084 0.12634415995159648 0.09998019633915184 0.12042523783616874 0.09589021513830319 0.1094247967765033 0.12552325166083292 0.09208741087151064 0.09696640612720232 0.09118647022927383 0.10810164781809761 0.11199042561148927 0.10009282178217822 0.11972270982713992 0.10329705552398852 0.10142468478483457 0.10244452572543282 0.10790236829386177 0.09948249443464685 0.08796140139905263 0.0876882462350753 0.10342952154522711 0.10004978351713005 0.08353920067898335 0.09562277473596027 0.08992972788905056 0.09048759053304646 0.09485489798504626 0.08131340509564006 0.10143663652636893 0.08507096953164732 0.08628238728205773 0.0932226007504278 0.08401368301026226 0.07377350352253303 0.09130475043985554 0.09191406739321058 0.07291168309252703 0.0913773581896758 0.08890612878200155 0.06412987348308805 0.08061771194453199 
0.15544380887678413 0.1556978993870412 0.15735113114327814 0.1647809779696685 0.1716898304790658 0.17188764371998252 0.17202705986163153 0.16532205931787036 0.14785764028882453 1 0.16438018446545624 0.1615724415362876 0.16334048438999604 0.1490832972426736 0.15975759226474193 0.15479213416794615 0.1482576976146733 0.14933676270843568 0.15581942330699178 0.13960819276724803 0.15022533800701052 0.1404572803850782 0.14685764015974104 0.1417412781722754 0.14166907491250041 0.1380159484361443 0.12238907483309767 0.1398881024169233 0.09803997222007871 0.14744835035507872 0.13773578228403582 0.12605389748099105 0.14169470237294218 0.10401731112992756 0.09003939223410241 0.1009957048028114 0.11097499319410414 0.11969887306637814 0.11996227373308666 0.11076230639762477 0.10845052107521688 0.11199736261321075 0.1132268904372259 0.10744189902451157 0.11223138619854721 0.11269633755849864 0.10144856177805789 0.10339179893392096 0.11387792286668691 0.1104552956023687 0.10395575373662756 0.0932059728157705 0.08870951427242015 0.0951217127773976 0.10096362113612954 0.10351683005415781 0.0979395497390356 0.09898866381340897 0.09477927063339732 0.11146318732525629 0.09735053599847858 0.10047108679105553 0.09611971603743143 0.10141377937076862 0.0910612047415531 0.09007563835727701 0.09212065002621074 0.08755699262538377 0.0904836193447738 0.08376189385579545 0.07611903721777674 0.08523876186032042 0.0799182422074604 0.09100318716117198 0.0738381718672558 0.0837970677314218 0.08604445528554441 0.08537812365249174 0.08237294145868317 0.07120107731440908 0.08303664921465968 0.07748387503414081 0.08380266294673065 0.07395090546690969 0.07975969163226938 0.0623991509730239 0.07189319456588965 0.0780341320024531 0.07375132837407014 0.07030796048808832 0.06438488860187278 0.072472312292079 0.06419779980394293 0.07195208867424767 0.07030737991125627 0.0603574886584928 0.06997389033942558 0.06356832473869084 0.06350007128678124 0.06638395217593042 
0.1305041755243412 0.12550831140617463 0.13846856073246416 0.15439570480077272 0.14883441148627327 0.19730804739724697 0.19254262577907647 0.19093371975806453 0.1965427464834083 0.16438018446545624 1 0.1548805935543705 0.17429904902270416 0.16000144373059988 0.15500570737930572 0.18038902706113813 0.15339113289065445 0.14567825395678255 0.1833180953581975 0.16021326360730082 0.18372910986701077 0.13788763488559225 0.1860069513718984 0.14029299713286988 0.14351201784091847 0.15980878680371707 0.16102158855592316 0.14778979714718768 0.14439938912001685 0.16063773471315432 0.16154819954988747 0.1348632790376294 0.16110043104992297 0.13711914882785653 0.13523982982887744 0.13950002676516246 0.14754578364565588 0.15559189092831413 0.1264172884969474 0.1483816406550319 0.129137167588122 0.1320275394867641 0.14553651938683498 0.124460387160616 0.13531251602317593 0.13355258086893965 0.1318109788306042 0.14364550097908993 0.13927375740406903 0.1463330411453768 0.12897512696965752 0.14093817534641298 0.12104686138363366 0.1254592753506584 0.11512151569659809 0.12592582635463015 0.11355028007468658 0.1321804782590593 0.11118665341770828 0.13562564841886848 0.10735410231192254 0.12352890397951256 0.10392991098919555 0.11663274847368131 0.12538465842332008 0.10452252786843555 0.09974818130945719 0.1106892481833824 0.10705205015050998 0.11056158731087765 0.10819964618897138 0.11402959880091387 0.10545527133772492 0.11219100239039262 0.10078524279945764 0.11251753932501292 0.10289352670675628 0.10139769824641966 0.09647179637643952 0.10198936977980258 0.10722294346748495 0.09241530572927473 0.10219042184276371 0.08728802021088301 0.09979998518408771 0.09055319148936171 0.0868880748387878 0.1004816177570373 0.09827669317907929 0.09221380600447729 0.0902843819983434 0.08591984778213818 0.07379785939401504 0.09376838484862199 0.0977953213690121 0.07784682958740245 0.09581957510435486 0.08458307428692738 0.0722287875206807 0.08888957310220608 
0.14014670352935316 0.1422585292026039 0.14947321036216119 0.14625429663657682 0.15961443178235216 0.15928650622040635 0.15591863233066436 0.1615242525826093 0.14624725356352575 0.1615724415362876 0.1548805935543705 1 0.15529125557507772 0.15613222784537525 0.15879946218681779 0.14087435998424577 0.14636174636174637 0.14610824543844791 0.1450971132740422 0.1398792495367247 0.13846580855566734 0.13178561587214108 0.14526291871673644 0.1446983591929807 0.13807841447651875 0.13231045487274765 0.11662468513853905 0.1384349030470914 0.09486074619022596 0.14376595836759423 0.13524582320632308 0.1277308422345454 0.1357255957180187 0.11361590704524999 0.09173520756303427 0.09697821503865074 0.10575638715148945 0.11285621922713483 0.11915947555677865 0.11271545518120861 0.10242081904377648 0.10900205608033613 0.11199702553086012 0.10713821609572267 0.10626916033989671 0.10701183066078569 0.09876702462725875 0.09726634931306319 0.11747578829991534 0.10932605198543731 0.11245624270711785 0.09198697647542532 0.08890856763338499 0.0947018172510878 0.10612749981647912 0.10482225095365809 0.09471828742540404 0.1005841287932754 0.10297037981563159 0.10831468853371587 0.10067297696558516 0.09440811724915445 0.09432297067713964 0.09976283208947105 0.0885914033037073 0.08795972124970824 0.09208813992985862 0.0834701788487103 0.09063313096270599 0.08759824529336502 0.07615051974077416 0.0927962872385199 0.08644545943041376 0.0874945259777446 0.07649437473206112 0.08356828041749617 0.09017570018582603 0.08418091809180918 0.08218958550349706 0.07090447297869339 0.08190576927498908 0.07762599224663097 0.08686612518135188 0.06949834109054245 0.07950258971726516 0.06215774466409764 0.07241719057896219 0.07727885464602799 0.07149033630138588 0.070724541534379 0.0723562591837702 0.07797284481761617 0.0603448275862069 0.07336959700532257 0.06807403465200165 0.06103337050493423 0.07328712918775031 0.06988407465263505 0.0624251442674119 0.06478829722760276 
0.12562215899800516 0.13063217968879803 0.1346762394093028 0.14098360655737704 0.1501297142414621 0.16850748388580394 0.16584887144259078 0.16221093845589135 0.16205740903716742 0.16334048438999604 0.17429904902270416 0.15529125557507772 1 0.15039785021288476 0.15014316392269147 0.15772582206763008 0.14856460891536832 0.1500593948710782 0.15686868993117667 0.14877235764363464 0.16067674441886073 0.14339892381311678 0.1573542034839687 0.14440152978151388 0.14174151498291074 0.14641933855867176 0.14247648545856204 0.1504424778761062 0.10931935597130962 0.15587268932320014 0.1463233973783444 0.1364337380802398 0.14703967283901256 0.11626156423767088 0.11007561558844439 0.11610372408171583 0.1185384147577539 0.12829337624657888 0.12352913925692578 0.12342058313170565 0.1187274594568774 0.12310759308120786 0.1290560290830488 0.11933315216749175 0.12080093882939709 0.1228899723154568 0.11285024154589372 0.1286660852132936 0.12105289004567107 0.13307032850314848 0.11521183390831699 0.11272439635871241 0.10333876004163442 0.10969042697088023 0.10756050278281533 0.11393489799833728 0.10633219925861981 0.10972377875931176 0.1049379640241168 0.12421325197728525 0.10639221931221457 0.10993478676089388 0.10400829302004147 0.11147995190548382 0.10211997237128739 0.10162127368548095 0.09751301944946328 0.10092423935775484 0.10541910115470883 0.09784567610280866 0.08886155958186161 0.10279819613575872 0.09771934096258421 0.1018532346751748 0.08634087864043438 0.0992209463334126 0.09714370123678945 0.1284738289011677 0.092638659199244 0.08247896384365756 0.09841287582429865 0.09086572190262382 0.09615304637138698 0.07977680806924672 0.0942948924768892 0.07617989680927255 0.08417556618089157 0.09021939136588818 0.08700980392156862 0.10137661208520504 0.07682718232684893 0.0851063829787234 0.06734820139645877 0.08638328838662729 0.0906106748803378 0.06662254577542466 0.08376963350785341 0.07301509915542236 0.07392539066565562 0.08075753829146606 
0.12101405695478908 0.12423769456147145 0.13220477773908784 0.13366830682183056 0.14584848901909125 0.1506285982845729 0.13908093978624347 0.16054355662831887 0.17797982200188425 0.1490832972426736 0.16000144373059988 0.15613222784537525 0.15039785021288476 1 0.156113281902281 0.13716046648951874 0.14729702466158767 0.136125184147174 0.15215325990499556 0.153265337189831 0.14122366271736658 0.11752526598470717 0.14763042321694955 0.14146303380435632 0.12886217225390834 0.12888732739254954 0.12927918349989367 0.1348061967530994 0.10652355583411678 0.13711598552114593 0.141540609727717 0.12599257676301878 0.14072555317207297 0.14196611196686953 0.11568577242894301 0.1095657713133029 0.11168892877883956 0.11777623247813197 0.13339745131041117 0.1402313461294013 0.11341127410827315 0.1130908160904142 0.12387231976283575 0.1179040909258282 0.10363682604272635 0.10969797374792914 0.10623010703589798 0.1043785214853031 0.13125894134477825 0.11667237427886515 0.12500968766953421 0.10486524326216311 0.1050519686794661 0.0944921677614957 0.11180997773176544 0.11087562149264872 0.09334991006242725 0.11948101979884701 0.11186326382404814 0.11551565192993707 0.0990950164105522 0.11004648244788548 0.09969478357380689 0.10598211364379977 0.09547975596228508 0.09049532958953604 0.0963554667998003 0.08682048174091979 0.10460166227447801 0.10021748586341887 0.08094061259642028 0.10982450574646344 0.09380741075718606 0.09629598104722589 0.10646432736452074 0.0943028990385319 0.09985554604995582 0.08723725004977671 0.09425377582021427 0.08796895213454076 0.09214757644857627 0.08366370070184712 0.09241565295559002 0.08122162113560415 0.0853162661656122 0.07270163823885492 0.07842255210676263 0.09012239575615683 0.07619530830299051 0.07751419979953224 0.09012184376044484 0.08521354933726068 0.06736503816322116 0.07949909592193548 0.08101350225037507 0.07570452407027502 0.085359081934847 0.08477656778069846 0.06562339100993868 0.0683083022032477 
0.14041666398667293 0.1332782742774446 0.13850187460366317 0.14199324918546313 0.1525377306813245 0.1552085852281268 0.1516283260430442 0.1586916217886466 0.14783207391603695 0.15975759226474193 0.15500570737930572 0.15879946218681779 0.15014316392269147 0.156113281902281 1 0.1422059226761722 0.15520109599765144 0.1444451873892548 0.14744728879496663 0.14157503158485799 0.1392342402376102 0.1343948924274192 0.1448824641729298 0.14912629070691025 0.138066613738611 0.13541717605406517 0.12603523565728053 0.13150445504113076 0.10032507302365024 0.1460931341355697 0.14052620411627414 0.1286845623778669 0.1385373852443984 0.11357144489385526 0.09679960252541778 0.10177837269337413 0.11195946910232625 0.11680271129373457 0.12279781420765028 0.1155535118979193 0.10698134857245709 0.1136778317169997 0.11942987826006607 0.10731348768834988 0.11432842686292548 0.10902177670238507 0.09961222985950882 0.104129307715767 0.12774801404027342 0.11203437715153962 0.12132310060883156 0.09653269797479466 0.09249132269583239 0.09973420176719906 0.10710718943497315 0.10782208036860609 0.0969640644361834 0.10449253712917124 0.11281487030620845 0.11304964709560282 0.1026386817683235 0.10502969893185816 0.09985074626865671 0.10473601723969046 0.09413227250124316 0.09359439085880568 0.09887103993634058 0.09181163351036319 0.10118632240055828 0.09457885884331738 0.0768995138842645 0.09280646864176549 0.08828810601653979 0.09183997157757166 0.08345932869670396 0.08972903865471671 0.10275925297966668 0.08576442760129206 0.08826008584804118 0.07641915559239552 0.08658708231246416 0.08117656294978148 0.09206764047560519 0.07840002131883653 0.0833038996376385 0.06613839316053444 0.07598986801759765 0.08513837954779305 0.07699251314182552 0.07475123371895477 0.08319171319899651 0.08538441353975335 0.06470249993154624 0.08264330998551284 0.07264261394985802 0.06455140736285218 0.07658027121609799 0.08491888644101743 0.06761216908566141 0.07138894526757324 
0.11282623064648582 0.11419363268150341 0.11962721038916788 0.16331717957062067 0.13608416177586138 0.1692710723843552 0.16910914304725994 0.15988950986060255 0.15482923799395815 0.15479213416794615 0.18038902706113813 0.14087435998424577 0.15772582206763008 0.13716046648951874 0.1422059226761722 1 0.13919878045158926 0.14650458173219036 0.16074722003516076 0.14268804927357098 0.1731832838625638 0.1515651787415074 0.1553349929412779 0.1355076254476681 0.1426876800542281 0.16641169284275636 0.1445346015247714 0.14163986110815244 0.12500680124054628 0.15275662665999298 0.14738391736654116 0.13948882831248108 0.14460883789002446 0.11387816218772165 0.10805111551600523 0.13139837308394667 0.12135468251348079 0.1815439601525963 0.12465048931495906 0.12594904896695855 0.1329703506825278 0.12365421352934479 0.12161191647825509 0.11547732925196097 0.1779759699359551 0.12821941062571285 0.12149650525961929 0.12435717625058439 0.12159000265886732 0.13264885936256074 0.1142703429724277 0.1182029638515441 0.10456146479201234 0.16741065239692793 0.11309903286626968 0.11090573012939002 0.1084091535704439 0.11675980061195466 0.09953541137701907 0.1300101701054626 0.10950380639704091 0.11293352816628396 0.10331536544369095 0.11536053724887599 0.1315819961767943 0.10503519220357337 0.09750869061413674 0.1534404784703092 0.10328211655605055 0.0995113957087797 0.10455751448262869 0.10036361441783974 0.09554761130971726 0.11141598564288151 0.08662038253985434 0.10189228529839883 0.09235729464351139 0.10126996401272938 0.09472803347280334 0.08957577669137361 0.10026934378060724 0.08988591285094867 0.10160387235785928 0.07646513673562352 0.1003151179770963 0.07715687062796495 0.08415328031184181 0.08637337390170449 0.1279244338796447 0.08942623211953232 0.07900691589380757 0.08113277393879566 0.06834917442501703 0.08513570656685095 0.08947728103494859 0.07315059177824912 0.08626384301534874 0.07095280835183523 0.07380581728799672 0.12329446390581762 
0.11705496455702205 0.1114243825420097 0.11883106144723475 0.12385310820562699 0.13528082782115555 0.14810229821444176 0.14396890350409616 0.15641919145715688 0.153367855321486 0.1482576976146733 0.15339113289065445 0.14636174636174637 0.14856460891536832 0.14729702466158767 0.15520109599765144 0.13919878045158926 1 0.13959080809149585 0.15046029268734026 0.14530776992936428 0.1428331636135761 0.12904799388019822 0.14770955275825443 0.14768318455666657 0.13666071170981237 0.1335428122545169 0.13158064975223505 0.1294996149166769 0.11071784574045448 0.14282525723723857 0.1515456176743831 0.13457270040590089 0.15314098735294882 0.12411085900416209 0.11140369251024866 0.11231228581094001 0.12584611336091578 0.12315363375599818 0.12269016183705501 0.13289017908480233 0.11700427531381896 0.117969711564189 0.1354961562874674 0.11450546484954797 0.11936529315206869 0.11655673843644086 0.10706727473248084 0.11494599650033187 0.13135001762425097 0.12083023381321198 0.12564413674969666 0.10558521432362399 0.1078387231994535 0.10268429664352363 0.10935069424439707 0.12202548109610098 0.1059711334163675 0.11460853057350194 0.11392278025491405 0.12266611344911386 0.10730872647274504 0.12601360500868236 0.10868859804997141 0.11268544757459577 0.10513149157620026 0.09840109924426957 0.10712796354930883 0.09765993583695037 0.11679281673933127 0.10739039394873959 0.08760647789636712 0.10225219411461023 0.101137241912333 0.10065264225066531 0.0932127596144291 0.10231261276037396 0.11160462934000626 0.08889453702085749 0.09125834282923653 0.08979108517296794 0.09949384920309914 0.09077589187231451 0.09774704583820283 0.09301307101468805 0.09229756418696511 0.07949559509414407 0.082930200414651 0.10049398732598173 0.08580194135693808 0.0829300822461228 0.09394618450537984 0.09138212993706328 0.07876706358200108 0.09423064006985023 0.08497936069320779 0.07193568594696179 0.08992674311367868 0.09143416874957778 0.07273047770139256 0.07832090962179244 
0.11597432049137515 0.11974435542892478 0.12194832490457833 0.12426955170228099 0.13775600542997107 0.14781507896429832 0.15293625849602874 0.1523894693903166 0.13218069762543613 0.14933676270843568 0.14567825395678255 0.14610824543844791 0.1500593948710782 0.136125184147174 0.1444451873892548 0.14650458173219036 0.13959080809149585 1 0.14654442434949874 0.13310028758116801 0.14020994223482888 0.1376726809943141 0.13631663062893673 0.14402407566638006 0.1350712847693003 0.13221889359161612 0.11996308828052907 0.1326916324127817 0.0898294443863137 0.14687993721667475 0.13489954784878572 0.13392354306053028 0.13291552421987204 0.10440852871993322 0.08748126847839294 0.10148356907369989 0.10949812258712782 0.11593211226646791 0.12018976063189327 0.10687275597769347 0.11530716256867961 0.11934181476647597 0.11557660309740177 0.1151146351957711 0.11463215814143062 0.10951979780960404 0.10353409656545545 0.1027377697988494 0.11371545547594678 0.11272660105021505 0.10780178548324493 0.09660995553810119 0.08837897440192055 0.1017928976742947 0.10855301775302297 0.10559064265018092 0.1 0.10180144170468484 0.10456718279122934 0.1194876805096428 0.10526750216670565 0.10093420563951662 0.10348565710473649 0.10734185512946574 0.09295477275252806 0.09932799281695871 0.09855515420950264 0.0967764709204637 0.10143035367162793 0.09197873391243717 0.07605384396056245 0.09283578208295411 0.08508650225104057 0.09635746059718886 0.07835771227426679 0.0924565647679789 0.09506146821215314 0.09255407061237284 0.08837107696788757 0.07177091183119819 0.08763399917989573 0.08585130483391686 0.0977005650538181 0.07804453252856478 0.08938892565629826 0.06387715930902112 0.07917430365674108 0.08138602690103626 0.0828897793194187 0.07605222313521409 0.07273114744116663 0.0853154695154341 0.06799393132489086 0.07959156173735982 0.07473315011919042 0.0623155031451401 0.07872774480712166 0.07004078438454708 0.07485343547252403 0.07617214354461707 
0.11046874292146265 0.11809711132965513 0.10992795213090731 0.12365048254414593 0.14026211942889705 0.16800496047124477 0.1739543642587492 0.15658808079544745 0.157036087977792 0.15581942330699178 0.1833180953581975 0.1450971132740422 0.15686868993117667 0.15215325990499556 0.14744728879496663 0.16074722003516076 0.15046029268734026 0.14654442434949874 1 0.14384322054351498 0.16999962989920922 0.14025276268392453 0.1690151382896476 0.1430562755601636 0.14385763349915054 0.15228724763608484 0.1452447562584255 0.1558920860654225 0.13332895579230758 0.1666625667265258 0.169538798685128 0.1313163032644758 0.16364430213942657 0.12701660502085466 0.12030614685481943 0.14479349920415516 0.14493235935238033 0.14038792193297336 0.1365959148608416 0.13459676523340158 0.13265133190564962 0.13770995123713203 0.13915738684475404 0.12852931343646476 0.13570895463134994 0.1380507300606659 0.13858556995611798 0.1343726288197558 0.13394867536449434 0.13930794124968882 0.12210328577674856 0.14032067147315183 0.11356871691589285 0.1268161585621903 0.13454616844447354 0.13158338106951512 0.1168148679534876 0.12951204967201038 0.11057042883879893 0.14558972625887123 0.12059070548712206 0.14236142985661043 0.12727562795809477 0.13306752188610557 0.11765539475315749 0.12188733405095084 0.1108768448468312 0.11999855292670573 0.12712800824047196 0.11181359398157702 0.10822341383224392 0.11993293591654247 0.11166167528813867 0.12793667007150153 0.10919076698544379 0.11806478563019784 0.10532748580056078 0.11682251541713178 0.12084478409818168 0.1013560055893409 0.11379277656649919 0.11144377276454547 0.11229926459552754 0.09591884693717688 0.11388592344059784 0.09099342556366716 0.0998373282637242 0.10486501090333661 0.10252215405589639 0.09928456127065106 0.08712989731831323 0.09645243428483909 0.08500662521659362 0.09970342620775774 0.10667302571439927 0.0895777398096168 0.1067019220990542 0.08261962756344779 0.0904059802585388 0.09743980127408951 
0.10084602135246057 0.10088084310445695 0.11151276064729088 0.121122138001094 0.12284873010124549 0.1556499962055096 0.1366108481042023 0.16950482617907872 0.1882584794108495 0.13960819276724803 0.16021326360730082 0.1398792495367247 0.14877235764363464 0.153265337189831 0.14157503158485799 0.14268804927357098 0.14530776992936428 0.13310028758116801 0.14384322054351498 1 0.15299072891932847 0.12565420284718531 0.15422453703703703 0.13647479202724583 0.12624309718921092 0.1660041970127145 0.1528639335349959 0.1272058736032938 0.12109884241443762 0.145552753057631 0.14611834627446146 0.14501335649336122 0.14584382871536525 0.14075582711020593 0.13902486782847073 0.12182269560342757 0.12681591802313555 0.1472513468110989 0.12142948635839632 0.14831262451903335 0.21097595222962887 0.14827875249299072 0.1411058906352826 0.14326973569053036 0.11989714407437274 0.11959788262932283 0.1263486286234239 0.1272350093845698 0.13632956509767327 0.13052932306959766 0.1288352118571805 0.11704382306693102 0.13082556025621422 0.11251505177811671 0.1022638319190907 0.12601442741208296 0.10617153977444928 0.1270999263770832 0.11228288807539528 0.12549652833844663 0.1071416647190411 0.12363458412709509 0.1024288829166878 0.11605857532886572 0.1286421296218097 0.09639254573431356 0.10474565390008617 0.10025157666195679 0.11270816635497373 0.10989599129395394 0.09764522359233398 0.11334396597554493 0.10621488460541101 0.10376211484350575 0.10141543849409018 0.11155622924787065 0.10605282088171822 0.08944718365071345 0.09016393442622951 0.10354549018875675 0.10465807730426165 0.08990922104042472 0.10668284154565241 0.09863604266547739 0.09513458682027316 0.09679761540813207 0.08625146448961375 0.10914621854899302 0.09616415565209353 0.08917606605074722 0.09397977506851904 0.09090082389102086 0.08400733519930509 0.09255212769897411 0.08995327102803738 0.0727356782370844 0.09419242993354522 0.08919452830891945 0.07308113178052213 0.0885547201336675 
