0.0                       0.4280741477623776        1.1892829414075878        0.49477859763136156       0.31452391297666926       0.7153603004505814        0.791634507553882         0.9049060304524065        1.0425164760435621        0.738007519796452         0.9953196036466294        0.9377622880026073        1.048589841590382         1.0110078284442787        0.8371176714775607        0.9247377030960128        0.9550741940183809        1.008028648649987         0.9713489015940603        1.0741187087906579        1.0564852712822923        1.113512735660602         1.155480508622108         0.9999484578623342        1.1680372715648648        1.0419052694858402        1.1971087292488307        1.0381280895846439        1.0005168138529452        1.1073500559019378        1.1179071008759898        1.2174276502209755        1.1639726922733222        1.1024380310708262        1.090682839558003         1.0676323916252615        1.1675676419428274        1.0328698496370188        1.163536173972852         1.1160919076102793        1.0856117363740756        1.0841122954213789        1.1298551455070445        1.2131300133714789        0.9709584987171506        1.199802314067909         1.1674672989524402        1.1103033383077983        1.0707700254233765        1.2123219523199955        1.0446445940553661        1.079550592482378         1.0296059555424024        0.9757811230481446        1.1170456300356577        1.122438505248953         1.1890635000591494        1.0854523016864515        1.0437585614792986        1.1817657710380018        1.2009855450467528        1.0204784931465851        1.0622139769765784        1.1267957732283287        0.9780872644784975        1.0608661051681325        0.9979888578009548        0.9584800961988668        0.9791274654170967        1.0445009981251405        0.9726321050594341        1.1360767364112003        1.0975923402547514        1.090322313498459         0.9173896545420417        1.0450132611944123        1.0081303298755375        1.1530300440575252        1.0064467437610056        0.946617588282846         1.108057902915833         1.0747341131198755        1.0284906994906289        0.8611490567455661        1.018258422054601         0.921705350438168         1.0308394586308829        0.8834995666609876        0.9020072594599574        1.045869644427331         0.923938452402901         0.9980215606379281        0.794984158846577         1.0445997320987372        1.0328671275709849        0.8078205178816914        0.9495445529293783        0.9434575551616996        1.092309737329475         0.8641264127280531       
0.4280741477623776        0.0                       1.0609987790858233        1.1719718242039905        0.7706953550882021        0.8422174726830567        0.9041825090755434        1.0095497122682742        1.053697956965954         0.9323637718029752        1.0502789378722828        0.9611654916499267        0.8926682219161114        1.0258594307283873        0.9891580098845009        1.2474324067981537        1.0491949411487211        1.0499182443513824        0.9087661021747973        1.131318925595367         1.0048339497437597        0.9959411047215307        0.9500560448774349        1.045149757176061         0.9970150109637709        1.212652232539975         1.0387613803110707        1.0076357484539853        1.076571892868972         1.0046680683735671        0.8624529055293697        1.0652084267030961        0.88447864435595          1.0244963644319454        0.9689840213933121        1.0241941833085377        0.8724395405958507        1.1826794121316446        1.0110540156471544        1.0373317199081111        1.1861191336856085        1.1462420376760543        0.9838902474172273        0.9674041990227885        1.2152860880538332        0.8002970616215184        0.7935483067612332        0.9398889423783247        0.9482914813048722        0.8912871681665973        1.082873302758606         0.8684770875407267        0.954024566235456         1.1345216372877405        0.9796086226313113        0.8391684430159447        0.7846309408689597        0.9606988330497652        0.9786381803315319        0.9332494220004034        0.8400076420080932        0.9679802623373165        1.0071955153779515        0.8764637659961756        1.0601955231432914        0.8924131814617283        1.0672527383021202        1.1673229755592682        1.0115480459444415        0.9792880871067224        0.9091955660138105        0.807036345035165         0.7199701399796052        0.8664134488748391        1.040413333167309         0.863010721163775         1.02119018996089          0.8118808661640288        0.9747603388495407        0.9335582204675863        0.7567333154061321        0.7705309192704513        0.9307645570555538        1.0376867552798668        0.9113234350859443        0.8592589084291075        0.9158189295469972        1.0330729822170572        1.130572079253229         0.8091083572944056        1.0265737618470145        0.9600629072279085        1.281370493108384         0.8044988211550537        0.7316290579216927        1.3440751440991368        0.8451552440131165        0.9874093574238377        0.9539649444140625        1.163401637098224        
1.1892829414075878        1.0609987790858233        0.0                       0.6227857017431329        0.7123639538924655        0.8555180885588407        0.9911597666635702        0.9117704939582882        0.9285022198555056        0.7809307120054756        0.9277020488040598        0.752087531343421         0.8513168261583792        0.9006278390231752        0.9489821862413447        1.037826797838282         1.0357799019826117        1.0330908434787849        1.16523500796595          1.1345900713705708        1.0216940410869852        0.9660662621043293        0.9781456269428926        1.0666481945951969        0.913110465434642         1.1979912460528146        1.0321533171909663        1.180554567202837         0.9842930619095182        1.0735910583801478        1.1509204019459076        1.024801815924513         1.0427794466244436        1.0084360723335706        0.9984882391399559        1.033605236220274         1.0951911815272077        1.1411203522298043        1.0172599955423898        1.0265716093514692        1.3507770235281764        1.3807850438557194        1.0483013354941997        1.109414384332877         1.1191732382625674        0.948408673632473         1.1108336677747084        1.0126765463359293        1.0642887446469678        0.9765492878677926        1.060532119872671         0.9917911550241347        1.0142729865373057        1.0699663942417879        1.137143458647649         1.0585952385979949        0.9256579303414131        1.0409862340596978        1.1205921279290352        1.1453394751484476        0.8979506654850868        1.0422987968843938        1.1084929704946886        1.0501597929845785        1.0734619860172083        0.9809603282759694        0.9963625013965303        1.0882245289266097        1.1116958213986161        0.9490653522265625        0.8906126105670882        1.0113482852858662        0.9644883886260512        1.040672997882767         1.0139276048186472        0.9613956950485988        1.0694185242691479        0.9555909249077419        1.0048030422956733        0.9349723872853574        0.8640692414550426        0.910362126812741         1.1054741225444844        1.0399686706839117        1.0293248429678554        0.8887632597302926        0.8115503433884415        1.0242204389088228        1.0389034634874441        0.6998857999148931        0.993353918626182         0.993008655337422         0.98787635383134          0.8708684404827152        0.8131629811045378        1.0459638475610116        0.8981311582863016        0.994485421512592         0.9461512444915176        1.0331236229385723       
0.49477859763136156       1.1719718242039905        0.6227857017431329        0.0                       0.174244106916707         0.451122184339496         0.5301871496369281        0.5647650800404547        0.7624352162861517        0.4103586131264061        0.6163929173422085        0.6084565115585521        0.7630372000170816        0.7811969791543498        0.5851501525139691        0.4415468490297585        0.731836015219326         0.7333811263996919        0.8875942814781954        0.8283132138385085        0.7663937513585857        0.9430087780352986        0.9454577735589065        0.8159425093027375        0.9500743683274309        0.6960224625159293        1.0082720541713788        0.9199937593925333        0.889649487142678         0.910091318524584         1.1559820711867352        1.033820976198727         1.1596055659105513        1.0889250075312513        1.1298309447084427        0.9658416905965319        1.3161473286632086        0.7030244091411053        1.1469012580098166        1.0574286439717338        0.9711836563581001        0.9713903420293691        1.1281618530586897        1.2347522642428177        0.6580681511884791        1.3981596039717883        1.3846391119026262        1.1048940954784938        1.1012092980992307        1.2606134875326773        0.9938875266760696        1.2121679441010647        1.0722917436836723        0.7431288727080256        1.186924926330848         1.3404298084605883        1.4351519090281495        1.214193323907631         1.0668225104557199        1.2822967594829127        1.383733097022053         1.203306366733084         1.1580532346093553        1.35563650348293          0.8163007489399017        1.2502505920216005        1.1285084223700168        0.7276472134829236        1.1656356939917003        1.1197378533143558        1.007296527882671         1.3869930517196472        1.3916374359416714        1.2727859430403792        1.065628728737073         1.240960242483222         1.0925844142963426        1.348898480045943         1.1614704356455798        1.0699754444789231        1.3928306474665604        1.3861936316848713        1.2437594227967053        0.9964021154872189        1.1678457815283059        0.9562123093032275        1.2362833745832835        1.0027273591996368        0.7132694261897105        1.2126074527022817        0.9387735443462032        1.0542409585767212        0.7418129493549674        1.2905330635255026        1.3135445614286367        0.6682539973081381        1.1590324760105197        0.9786434602568284        1.0291333192136318        0.6419443687496744       
0.31452391297666926       0.7706953550882021        0.7123639538924655        0.174244106916707         0.0                       0.36858292360266887       0.36918319835525315       0.48373410613184864       0.792334945223728         0.20001050538881737       0.633088807743897         0.3360588880907791        0.5388959688626292        0.5566435641220968        0.3389096676855907        0.6587513465314142        0.5108756347630619        0.48718202178284875       0.6544136221302503        0.8524106508065712        0.8932199228423204        0.742030065416365         0.8806788602277934        0.5478662491228958        0.6856690728327485        0.8341088580610145        1.1003662528700668        0.6296978530191533        1.1414835000598296        0.6498689552149168        0.886585897277902         0.8377027532588518        0.899834633892571         1.0487777764758792        1.2135200229084966        1.2012543999376775        1.218796699260731         1.0186786560271817        0.8269541421156464        1.1040043058235507        1.0156567917268666        0.9386427697492896        1.1074495665144914        1.111218735171878         0.9011889939583395        1.1750749189364573        1.3036985335539812        1.2990490339643839        0.9732787239807633        1.2730338356474546        0.9149247734706204        1.3103843904182457        1.2350599024425608        1.0310441169950781        0.8593203345401936        1.2338243418419603        1.1826396599579931        1.2000812483982097        0.9093136808946949        1.1711181387351517        1.0848881411555389        1.1875469665753762        0.8963557562548685        1.0984929197642965        1.187513231168707         1.0574719198435734        0.9207931719832292        0.9838565315037613        1.011678531867605         1.1520025255762365        1.2890017600231296        1.2793664918091183        1.3393451654202704        1.16565423780112          1.0430739977606767        1.3260782285608463        0.9338747450969226        1.1250246166396143        0.970078332797623         1.2213444294132614        1.3615891809664107        1.115858300969652         1.1556475975394396        0.996644170780784         1.1699520340429108        1.279997505738883         1.0887062000493477        1.0861106226648698        1.0304435604352193        1.2707041884950745        0.9709829503291838        0.9571682362227494        0.8214378009845756        1.170789808529144         1.3322110664615687        0.7452579562613182        1.2104136730755415        0.9659056532164761        0.9989268891626768        0.9862559195932359       
0.7153603004505814        0.8422174726830567        0.8555180885588407        0.451122184339496         0.36858292360266887       0.0                       0.1363264554870488        0.11152199036133392       0.2374323647744111        0.14756117048549988       0.07875794767189781       0.30664515802441084       0.15873951574088763       0.3520138951792944        0.41866486849646045       0.47242869248521635       0.3849434478595386        0.44493328377559926       0.24499051744317224       0.30866820572677667       0.24264100141068068       0.6291575580763284        0.20654367232766702       0.6465324592974603        0.5304425395489851        0.30398956964772594       0.43210180256062714       0.39030558787898895       0.709741312681532         0.4697703435271424        0.4444715596148118        0.5602677296059324        0.578483944814896         0.7180914037125814        0.7433525322638498        0.7428102774570786        0.7066030235356593        0.6016836379416106        0.8729013379085131        0.672152480615229         0.5229739553107123        0.5569903684911267        0.6677309440265953        0.5163615552004105        0.8621244305710076        0.9524673306955541        0.7986678679127194        0.752880512766681         0.9499804977621257        0.7209804049614835        1.0175839586540425        0.826743269544838         0.8129136827530494        0.9120883511170912        1.0364403497112304        0.8379079377081862        1.083682696940868         0.9532326924451112        1.197333316137679         0.7923959138057527        1.2131197996118561        1.079333551390355         1.1960709816499753        1.0872802982708638        0.8614311714805324        1.217896200678418         1.2279465331508106        1.0461462730590794        1.2504577072277814        1.2554956978285583        1.024063981477465         1.0239519568120878        1.1185004610629048        1.1233044019325544        1.0541764825487854        1.130425415636746         1.3311846658684687        1.1511957600152174        1.2642001953772777        0.9910741499654352        1.1807467809396155        1.2753571349091024        1.3034381041016856        1.1331344807661925        1.2658582092084492        1.0105435513618122        1.3163806452412241        1.201681459905278         1.118344243869244         1.2812637733564858        1.312435781493013         1.4326708426502726        1.0635340543696894        1.4783331362885708        1.1854753900588473        1.0127290856160767        1.4032985850373596        1.3534758448237414        1.003922458299148         1.1120024201139787       
0.791634507553882         0.9041825090755434        0.9911597666635702        0.5301871496369281        0.36918319835525315       0.1363264554870488        0.0                       0.25690723148919925       0.5619313615985488        0.08767453443720585       0.24266433874005822       0.22650240733862692       0.10436843594687217       0.46482550788065535       0.28280109139242615       0.31128510314477054       0.3553772302930486        0.16820485043885403       0.14321523697717087       0.5065567590743371        0.3252888035893514        0.2994769558978291        0.3670234385457666        0.40685768592033444       0.25784119018487994       0.26937986407797954       0.6025174184729625        0.18176227667928824       1.0191949447422561        0.16926318555371367       0.3916301794495176        0.39652805633577726       0.4459060361625522        1.0537384791134958        1.1788078532113966        0.8358836895503521        0.8290492739153537        0.6037362699602955        0.5825919255398436        1.0239771182276238        0.5473125022203991        0.41602428371514266       0.953398228907686         0.6938899760298841        0.6081084528410753        0.8324176287018396        0.8420693691033116        0.984871580391186         1.0161281292963935        0.8846685040235924        1.0707036893879844        1.095634493845622         1.2266669949543854        0.7536523204622283        0.6456882788002448        1.0313868160680868        0.9372017514324396        1.1482591265896394        0.9957745871095792        0.7012229322529946        0.9181605954844424        1.1937253559747316        0.8132128261125094        0.8663210500559098        0.9768225569626945        0.9133438058708137        1.0414334080724803        0.7812888714367767        1.1440960792954562        1.3909652555663392        1.2331615157092366        1.246311239458003         1.3655367812474912        0.8885190505909922        1.2918193798653468        1.3217497133176301        1.1719655322517646        0.8577895144745724        0.9732022437422412        1.4026939773129639        1.3059022923785397        1.0481224873251735        1.1142701703541074        1.2889644317628517        1.0199043322552241        1.2867315766069733        1.1718394417616844        1.3989100481030055        0.946655117181341         1.3914519651867079        1.3649747440486262        1.1876968469154094        1.1123333131505875        1.4142648861140612        1.3216047999611018        1.003620080843974         1.4905510286525643        1.316371926855449         0.9259217441023734        0.9600596862704206       
0.9049060304524065        1.0095497122682742        0.9117704939582882        0.5647650800404547        0.48373410613184864       0.11152199036133392       0.25690723148919925       0.0                       0.12471190270460886       0.1917977814714521        0.105037302509847         0.2531390266423016        0.19570875206111193       0.200574311027797         0.3115699262245998        0.6036987958780975        0.18997421271691084       0.36982419053898685       0.3222403008515381        0.11159935531794463       0.3861375389365068        0.7906625121185209        0.21298146834029563       0.48405853371168805       0.5876216173298988        0.3588395205649627        0.5008829848062856        0.3953488783162725        0.8750225960615747        0.4714050023035           0.411795837133902         0.4845165642103676        0.6248847583342316        0.5411533504986703        0.6178943264671369        0.9696463058468956        0.7572187689390495        0.6926675817619392        0.9165759338831421        0.520611801679498         0.3740122441042887        0.4235752238252276        0.47268270837567017       0.3977435202029326        0.9987700325505691        1.1039903417072692        0.9773271199408287        0.902327273431209         0.7186764236484571        0.8128730933667067        0.7461080004377065        0.9764160296204157        0.7035953809250589        1.15264603671681          1.0181633153416545        0.7827496222149746        1.18971289777136          0.9340572416528995        0.9651967261465078        0.8527723038254529        1.2992172672604307        0.9923418497574725        1.1186792374520587        1.2108005909534798        0.9648488230975347        1.4315515444809408        1.114513165541152         1.1877104486895413        1.0181895209709042        1.0431719190018203        1.2593884302989018        0.8964176529811398        1.0555147142424932        1.3569769673803405        1.0382557155380219        1.1317721353435002        1.0675807925874194        1.3831821094967613        1.4238888377546404        0.9936805237942087        1.2929714585081205        1.4363418756805297        1.2573157321563475        0.855228680513971         1.4361980956618416        1.1158563553517913        1.4914197620041623        0.9480336318470277        1.2597975891413786        1.4259622909872514        1.0720681715102829        1.273634402020966         0.9523319020410747        1.3810234148332199        1.4149087579396777        1.1311878477332058        1.3566259732831374        1.1338787279508886        0.8769493142178273        1.2412216560484135       
1.0425164760435621        1.053697956965954         0.9285022198555056        0.7624352162861517        0.792334945223728         0.2374323647744111        0.5619313615985488        0.12471190270460886       0.0                       0.4976734199275341        0.11362942945238552       0.5176272258565171        0.38744907381572136       0.25058746113462327       0.6130243649666861        0.8176962216188726        0.3845647230618173        0.743070827391456         0.46814768427082454       0.09584250350338053       0.36818594731662335       1.0645103341250943        0.14274518403458625       0.7890678232226802        0.8448659174371497        0.4534330898269875        0.31248415099445204       0.6211446395684725        0.510956459589935         0.7849137680018594        0.4647667158060196        0.6633237000915402        0.6839305437561698        0.2504186344963317        0.2406857857178537        0.7531070259434347        0.5450956144076619        0.6777690020480631        1.072080421209522         0.2066876000221609        0.43097364458379295       0.6138952780408533        0.2364413915378044        0.2642050092944499        1.1730729314885981        1.0911124107965426        0.7735673071424904        0.5740834243527577        0.6309756586589961        0.5501771352064267        0.6910600808890428        0.6110336474505763        0.3346309251670341        1.185752569476041         1.2646068636714252        0.5357559221385175        1.2113532505744402        0.622537263330157         1.1136482583488092        0.807530257234346         1.408218606650236         0.8093735182129189        1.3745584970595233        1.232059175580726         0.8067293492853193        1.5261135856172827        1.268444209843243         1.3512573545356097        1.0847463059847717        0.8513191702736377        0.9378817095289195        0.6090994081138403        0.7144934191211356        1.3565545740856766        0.7374624800073888        0.8401537688456938        1.1761011090869276        1.456357813460208         1.498759308075178         0.5661843979982445        1.0223121899440053        1.4837617271717125        1.2885456319913238        0.8218683135987084        1.4749851114854775        0.8402347002852963        1.4852930426448054        0.8115957671663543        1.347168569419782         1.1833242866729168        1.0072083243607468        1.43021396499399          1.0229076742674656        1.3028722198975984        1.129159193309856         1.069651162825618         1.1516946795603626        1.1488253709575162        0.98142914639369          1.3310141101400055       
0.738007519796452         0.9323637718029752        0.7809307120054756        0.4103586131264061        0.20001050538881737       0.14756117048549988       0.08767453443720585       0.1917977814714521        0.4976734199275341        0.0                       0.2752852618397167        0.07959717688422419       0.11712967102192784       0.2830271486391297        0.14650693950949056       0.49827252188751037       0.20926264984969112       0.15816694616528504       0.2377343284261817        0.49784354697444866       0.530642700638094         0.3991573835810639        0.42037511445610987       0.3003043646124349        0.27842127535645955       0.4631147973334905        0.7052240121169356        0.2230752981549492        1.092172803602364         0.2345910153655556        0.4219880253033429        0.3834104593091424        0.47422871663779786       0.8891481882870684        1.0908230397396619        1.0465124931800474        0.8720631747054308        0.8344459760091445        0.5465543843717493        0.9172494436530367        0.6690842106368142        0.5809099509040411        0.8493652584221775        0.6975036265064148        0.8394376831727002        0.8826727828366407        0.9980207427451105        1.1335300589742359        0.8518937111481016        0.9651519708311277        0.8632854949585633        1.1899282466762997        1.1868669989679106        1.0082442100665037        0.666363548190696         0.9854798952621997        0.9482206707362829        1.0817648848503876        0.8803836665198178        0.817074456338536         0.9127396820214103        1.1279716110241957        0.8054916917734922        0.8962680523818858        1.1768818674978074        0.9753919724337685        0.8812776464467192        1.0129667386210752        1.0088057434631679        1.2282772987322075        1.3795619716538283        1.1710457884415817        1.2876483485871453        1.0475190625619117        1.1414750365890765        1.3349773576264992        0.9767878331153014        0.9817759090497931        0.9896478736423692        1.3234396421711634        1.313753097783727         1.0593433740915263        1.1248552114037795        1.104954826351936         1.1693394523711413        1.404721918193959         1.119071203195272         1.2237263802054121        1.1556283755512282        1.393696086119209         1.176329848470817         1.0776128059100931        0.9596640071632199        1.2975654517447095        1.375514884735266         0.9283158736331498        1.42456774685198          1.1384345421195632        0.996250781747442         1.1545887000679953       
0.9953196036466294        1.0502789378722828        0.9277020488040598        0.6163929173422085        0.633088807743897         0.07875794767189781       0.24266433874005822       0.105037302509847         0.11362942945238552       0.2752852618397167        0.0                       0.35475163001072896       0.16509868916500703       0.2895488942903255        0.44769924391731886       0.45821954321359715       0.3323229630343012        0.4809859426946467        0.22921520220344005       0.18534523211458243       0.15435525706616382       0.6697800164975185        0.07439844216681923       0.6224057348834956        0.5271160128979147        0.21843124450559714       0.22047661517893602       0.378510576520948         0.5270218633451236        0.4749267844014762        0.34667451896493984       0.478948102814131         0.4761792273057419        0.5057365222295835        0.5403474356863114        0.5844347681651669        0.535319263849188         0.4590631492427537        0.8364095212613789        0.4269846969850388        0.44141071489250183       0.5173735828827284        0.44101345015665305       0.37919910935789325       0.8191117499776248        0.9335443472171029        0.6722322273647716        0.5573693990648945        0.739814895893276         0.5307539799452807        0.8205588719734644        0.6743488812469645        0.6113076373417677        0.8460497419617913        1.051102475184974         0.6628500149437494        1.0949559607104393        0.7288144768263516        1.088924241575604         0.6669750512001916        1.2258098301871           0.9472403675472538        1.2253782974257221        1.0571490549885942        0.7102302311545408        1.2605191855859086        1.2688691526553069        1.030748826580711         1.2004446330300427        1.054528359859791         0.9144262521962998        0.8525672729238002        0.9148643611026785        1.1067109016690364        0.9391297548394241        0.9818917967367251        1.236089006016844         1.1964247731075164        1.296470257964636         0.8271846058018197        1.0821045970956193        1.345233809311642         1.2325592785024932        1.1223278419661695        1.2553348642369302        0.9223989209210334        1.3805445303042634        1.0987442944893284        1.1011827982597229        1.23638364548805          1.1762775241394334        1.3815580388068418        1.1512352327099111        1.3929825972513847        1.1445395034921801        1.0131666745609251        1.293876395266528         1.2445464256326257        1.0419037322623312        1.1033007215707051       
0.9377622880026073        0.9611654916499267        0.752087531343421         0.6084565115585521        0.3360588880907791        0.30664515802441084       0.22650240733862692       0.2531390266423016        0.5176272258565171        0.07959717688422419       0.35475163001072896       0.0                       0.12861970157736846       0.15031039564363513       0.06167831993727613       0.6743880567551015        0.12635432242507727       0.13318420651040475       0.29048729461101985       0.5616120090821926        0.706832889602039         0.4344546473376344        0.45077031871534          0.15490810943912148       0.23682207987782167       0.660515812506208         0.7443266362249227        0.19607342061258637       1.1361338764634146        0.2236483392428904        0.40026092622832443       0.3572033294744006        0.4084636678034431        0.7225483922703548        1.037956403334544         1.1724159024825638        0.8747114163666817        0.9901811265248521        0.3944424876682109        0.794640343093457         0.8396704679107564        0.7283511047411841        0.7663592627050492        0.7168972879049142        0.9834340797141194        0.8982339604898624        1.0412911548565413        1.2032542400903332        0.5912014156250949        0.9824042589751996        0.6019244014401725        1.2436708382910107        1.176042997146236         1.1507205794357986        0.5361354364111139        0.9490640499301769        0.9496829213628117        0.967019149675076         0.6232993891681808        0.8605338261064099        0.8191029845777636        1.139589930260211         0.7288147551067683        0.8519835631249328        1.3144504372952286        0.9772124427033576        0.8762286604002097        1.1641416278128045        0.9521623782439885        1.0384874062983431        1.4890516537190457        1.0409157695237126        1.1313921386573087        1.0821443673278408        1.0356044062503098        1.3475097964270861        0.7444397831945128        0.9691294640309593        0.9247396786123377        1.2844984131365307        1.3156890099562593        1.0425932505839508        1.1084739609829806        1.1571674249394805        1.247674091823539         1.556463079986282         1.144952149096297         1.2158458240373822        1.3216242864017778        1.4101873185430143        0.9445872146007187        0.8706270946147463        1.1513488621623893        1.1153802966536888        1.4274178296615472        0.9197725980118583        1.3222755881937933        0.9049889415430462        0.9989038121687752        1.322723701524085        
1.048589841590382         0.8926682219161114        0.8513168261583792        0.7630372000170816        0.5388959688626292        0.15873951574088763       0.10436843594687217       0.19570875206111193       0.38744907381572136       0.11712967102192784       0.16509868916500703       0.12861970157736846       0.0                       0.25776667383251517       0.24991853388361496       0.533558649716448         0.23294248128449935       0.18177373806561747       0.09302781161425311       0.40314978442978466       0.3310879664809141        0.3117609394940116        0.17531546807633547       0.3442175125656295        0.1685230816701503        0.3568038597507306        0.4253611311173492        0.12911588498911108       0.9231240761807246        0.14611255947485446       0.19694890702751577       0.2539058266119464        0.24693057051258926       0.7453531385551934        0.9108549735028975        0.8178068176178889        0.5782036213766973        0.7210431065451197        0.44402422143899034       0.738030095078889         0.5736951259475015        0.4974551131221622        0.6592940918442501        0.45376413890682477       0.8440075961605901        0.6631821399358822        0.6660239236328251        0.8542814011427666        0.7559187297522426        0.646103221544371         0.8566919525382014        0.9230040693676542        1.024160358893467         0.9483026863481434        0.6093261449412177        0.7407175023943017        0.7740535611894503        0.8785595139320085        0.900971210867017         0.5595743772901476        0.7790581268017146        1.0201546803244852        0.8146849062446875        0.732427996827929         1.0606283628564845        0.8945536298793514        0.9781728271220607        1.0369778094687836        1.0483957284073457        1.1732134624474657        1.2153050890381083        0.9460971932245934        1.048760895701915         0.8681548651842125        1.109861882896041         1.155164110677721         1.0511653895938347        0.8138923002475794        0.9651592613432798        1.2087856209757797        1.0921009473231575        0.959786031184236         1.0557220411021184        1.232822686362126         1.073908874940167         1.2958811340839667        1.1016418192016186        1.2961056023755297        1.198536042922119         1.262462608551623         1.2616799956540965        1.1557477773541127        1.2136768269894154        1.2384631461802185        1.1827561203557964        1.0897564567188556        1.369770083948917         1.2299528207113561        0.9666305169085908        1.235352970083784        
1.0110078284442787        1.0258594307283873        0.9006278390231752        0.7811969791543498        0.5566435641220968        0.3520138951792944        0.46482550788065535       0.200574311027797         0.25058746113462327       0.2830271486391297        0.2895488942903255        0.15031039564363513       0.25776667383251517       0.0                       0.23404131851982557       0.9618401675168621        0.15167681852561132       0.40078209837935586       0.34292263731574346       0.36547878040478354       0.7413291026790509        0.8059602364379204        0.3305654741823286        0.34685997820290326       0.5167614706248053        0.7446964843735185        0.6245159286576992        0.29765773444537813       0.8477913631662584        0.48587858749018964       0.38362150081277535       0.5341887097834225        0.48996301100277573       0.2902237729152751        0.5746925121422946        1.1203132033566667        0.7088386925526244        1.0794218146473535        0.5479541586909373        0.38511070175172346       0.736351991329105         0.7539206031902186        0.43483097813324867       0.4509073575307041        1.2924313008457062        1.0382262049723652        0.9438199858454587        0.9899604787019638        0.4265995416555194        0.8125600479512947        0.44689643487022224       0.9484063078765538        0.7474937278763161        1.3965596959621682        0.710171371257661         0.6994119963909966        1.1134734122110421        0.6643147744949018        0.729723555759172         0.8664744641009166        1.0364674857685612        0.9374999075258652        0.9158267924619397        0.9552114190663809        1.3071805691981007        1.2410538369463213        1.017772572724785         1.488463190951666         0.9116628988275334        0.8263987533710345        1.35296995085854          0.6655733525427293        0.8374806962082022        1.2274067363324594        0.640087181716173         1.1036073331546816        0.8036945609641074        1.1810570363539465        1.0585626108209587        0.8505641923211215        1.1928067082197957        1.2065546544510362        1.1920166700242316        0.9769580081529244        1.451683873132714         1.4293130247815575        1.3024485165403663        1.0025360981902407        1.5837590318449473        1.3133670778464899        0.8229779757991982        1.0729518830023272        1.140747181281814         1.0794556736525602        1.3263546529083081        0.7910706982135942        1.156580379310455         0.9238494061916943        0.9399556059133779        1.5667298411496158       
0.8371176714775607        0.9891580098845009        0.9489821862413447        0.5851501525139691        0.3389096676855907        0.41866486849646045       0.28280109139242615       0.3115699262245998        0.6130243649666861        0.14650693950949056       0.44769924391731886       0.06167831993727613       0.24991853388361496       0.23404131851982557       0.0                       0.5810031301656571        0.07694043685703511       0.10091591090151408       0.38177990680345597       0.5738101772468809        0.7757478982577783        0.47666673569874596       0.5778684411463736        0.05034817267581959       0.2956352230348793        0.6411805107818571        0.8042733534847555        0.2515057613410646        1.21412653196919          0.23905545320120547       0.4627572581501138        0.34713634246101066       0.4679573880374044        0.7793834048718894        1.1138176329063447        1.2071302849963788        0.963570848119041         0.883897041914677         0.4436095317435972        0.8241264216805505        0.8194608774472587        0.6875287186566685        0.7721833113079609        0.8464064616546099        0.8282574272918696        1.0088617001131441        1.168374268657525         1.2766900004398951        0.4689017470270235        1.0903550875332213        0.44345543456083847       1.3847957926451604        1.2027076272356552        1.0446295270706905        0.5413569533009817        1.0062290033555756        1.039915460984643         0.9913881689430469        0.4009421303178977        0.9042805152593787        0.881448724900425         1.1253551343525547        0.6760937758727485        0.9199343661950099        1.2031144016918174        1.0136067236769275        0.812569046516872         1.0006736219712054        0.8354580207967885        0.9082134015893689        1.5417849298440627        1.1198666128467407        1.1407334556261635        1.14836958742205          1.111237140103166         1.3719390769960262        0.5258326255280782        1.088105653097243         0.9684402406925474        1.3469469236043212        1.4064408176635506        1.1432005025599103        1.0002649374718717        1.0620815266621662        1.2093525937457141        1.5384881638667518        1.2234089002291229        1.0713348114085817        1.1536959310668362        1.5146514229318795        0.7390759846584778        0.640453561124047         1.0953770291370957        1.0424062372887308        1.5647609742337991        0.9515802674683161        1.2601410632158507        0.6656055203467213        1.058096131030136         1.1466051897459646       
