1.0,0.3146945848803223,0.2403220078134249,0.23006006199948334,0.234604332639331,0.14979997376705143,0.12606857902735563,0.117453019646718,0.10049648136712058,0.1402727951608048,0.1008481121105343,0.12261731793734547,0.10969011143265119,0.09763418171308991,0.1250026075528638,0.08651025093291023,0.09766140867380674,0.10494717294354328,0.07586902741078083,0.07612434209455021,0.07338710118579814,0.07209517625468125,0.0729614047923907,0.09427491903562432,0.07888058585891333,0.06630818121568059,0.059079381299642346,0.06785762481900379,0.04508548941559616,0.07953403056651863,0.0635892394315846,0.06016551355920892,0.061706681834510835,0.051794793250426796,0.042202946858073555,0.04499997158375121,0.04137155705452501,0.04886244180807929,0.05484880511022511,0.047523518077751334,0.04488500621307744,0.04782345350643879,0.04853046744337133,0.04772928248368001,0.045170538355055634,0.04504339241913918,0.03704170149105633,0.03795546752218785,0.04758546692599628,0.041777632359878865,0.04457997283099167,0.034449859962259875,0.0309073682227975,0.03638001484820667,0.043632218384536146,0.04135527560015862,0.03896810835090711,0.03792644764921481,0.04667028598980262,0.042574724408095614,0.0383384378465658,0.03526446422622864,0.0389333629472483,0.03599416559153781,0.032078601211730284,0.03132257052869344,0.035110752812008136,0.03025614974908408,0.03536035383530821,0.029404830462291243,0.024723633683720568,0.03165652554000776,0.029815944546729537,0.032434074427260776,0.027171993429928567,0.027245413927412674,0.03575348970438681,0.029747261842890414,0.03048137923328408,0.023895835879054486,0.027927612556594997,0.03161275344373936,0.02848353211257372,0.02524399945670101,0.0250769719953778,0.01977085289316727,0.02383178839296454,0.02738038752408711,0.02355447092646551,0.02234235074808193,0.024046724683667357,0.029860277896040562,0.020146734342229394,0.02648431395738856,0.02262455747655743,0.019969212349268795,0.024149876446568252,0.024502826427632383,0.023241454402377907,0.020424922453014506
0.3146945848803223,1.0,0.21832046221995688,0.18854189575544314,0.20056741334741862,0.1537950369608661,0.14140661673163663,0.1266190615056272,0.1060371310982265,0.14619548387895903,0.11153386706647216,0.1293872945944079,0.12410403440507885,0.12098291653065178,0.11851930307684161,0.0972761478077942,0.09708748637229908,0.11102367297658575,0.09991190994728943,0.08587785722130388,0.0868548950301441,0.09020780275347876,0.08656347033009842,0.09667567446846526,0.10060202389640603,0.07708285917598896,0.06872499141304571,0.09151504438907293,0.0535015015015015,0.09802347320610405,0.0882585130199128,0.07376982037329588,0.08127716165190339,0.06429438408478641,0.04856731269747116,0.05546892740897737,0.05351865604361685,0.05931464992480485,0.07586876403433451,0.05502308703147793,0.05392782975347192,0.05952758734245427,0.05504215034885657,0.059611326510206335,0.05643651646719242,0.05778004571435473,0.04902195021839947,0.046797893326614264,0.06413637162723311,0.05214327513898371,0.05088473366733284,0.04428788361441088,0.03729972082531597,0.04594073724557797,0.06116113571999129,0.05225487557197739,0.04925384061596281,0.05053356027984598,0.05015643510221439,0.05314337057151356,0.05114408542504507,0.046503243291964654,0.05235843971849639,0.05409049768183581,0.03924952677875515,0.04597080341816669,0.04626021992158027,0.03901845366713856,0.042572064854464756,0.03633305614085546,0.03143748349201957,0.041329403141034636,0.03854163756956148,0.046871705834935204,0.03742102553702635,0.035652032153292455,0.04126095461294992,0.043476910269074735,0.04551463703694487,0.02881322351476041,0.03658059406684426,0.04164891884442885,0.038080650203188494,0.031367810232300536,0.033547048840279085,0.025193958010069982,0.03552574452421552,0.0326951371395049,0.030695766513366092,0.029855739339828376,0.027713582117825347,0.0344730344542344,0.02853755341677128,0.03165454059745117,0.031103541804648815,0.02803408015146734,0.030928846561650382,0.02661255510147494,0.032153159743002716,0.02586866483290651
0.2403220078134249,0.21832046221995688,1.0,0.20358010281747066,0.2006930574336199,0.15753843047176716,0.138348881639517,0.1401645414517888,0.13360817171278833,0.15103727158477137,0.13139398176994493,0.13993034706376847,0.13051250836267123,0.13156646951660803,0.12706983640477784,0.10554168034366125,0.10698737515283703,0.11269153390551652,0.0938531483470689,0.09970762735616652,0.09368398091179925,0.0956164391714353,0.09423036491965761,0.1004648443210057,0.10044835695187557,0.08584404243554143,0.08234224516526698,0.0852589927197523,0.06545218121334924,0.09638776317236991,0.08213483771596118,0.08335022200932254,0.08226644299905835,0.07812033628494677,0.06495688420784676,0.0631802799593782,0.05901207182009612,0.06589961438379785,0.0782604115348745,0.06875772264993822,0.05899874598446537,0.061653747420345295,0.06423154162701658,0.06483336939716947,0.06075938116973394,0.0629402372479994,0.050685125746032976,0.053601220884365176,0.06516362616488826,0.06041585186799941,0.061013804245245294,0.04870743958773492,0.045900077957068165,0.050145219989749176,0.060665635955284944,0.055151909079793296,0.05018385773967284,0.05529661360066076,0.055096277934656226,0.055294394739643996,0.05582852528240205,0.04877234662923003,0.05101012229075575,0.05033239597237161,0.04499313057123695,0.04400610451531521,0.04755394980958891,0.04133409163708628,0.043005871613953715,0.04761685258596847,0.03630701957796403,0.043720047169036616,0.042942239387790446,0.04373625082413458,0.040721915382264905,0.04109453327785373,0.04537518397770402,0.04152930402930403,0.04287946128828348,0.03584906285513599,0.04129890768576431,0.03914492132088543,0.039987884454569994,0.03429480803660235,0.035752362410685315,0.02926256207614674,0.03517448027153161,0.03726309875910841,0.03337354508577034,0.03365491737584761,0.03523165059784019,0.037717416416383376,0.02823386326122839,0.03566568551818215,0.032767054820013825,0.030604305351430796,0.0327959625474911,0.034354655042478525,0.030115837847037974,0.028867298388708967
0.23006006199948334,0.18854189575544314,0.20358010281747066,1.0,0.19180905033405102,0.17003682857341393,0.15357872455635138,0.14621165562831268,0.1389383799052796,0.15909907608970036,0.14663231360006318,0.13705472495515994,0.13771859968782849,0.13527059605683986,0.13311834601372313,0.15908719150484546,0.11245677687498935,0.11572052401746726,0.10872167152644346,0.11133204934672844,0.11639794131841576,0.09907279196536553,0.1044640705405367,0.11252334651724896,0.10934935995569056,0.10895086074892116,0.09150532173379274,0.0968014713654525,0.08336590792915777,0.10430653176579359,0.09356562068864296,0.08428527772522883,0.08846803592068996,0.08458681317058402,0.06779918325211398,0.07571459493944883,0.06407217148411835,0.08627658622438326,0.08592534849259258,0.08415520079745058,0.06928595883324493,0.06890664430183537,0.06942498889610167,0.07227342750463459,0.07442670097631121,0.07153264230272893,0.06098134262220544,0.06360590797607718,0.07399098023408802,0.06725585099865213,0.0708940828650988,0.05924452504924043,0.05172150918907085,0.06436343872984547,0.06505539535589619,0.06468660574171513,0.05787601392275021,0.06660231286029408,0.060099288508613395,0.06460998244293956,0.05565499648613284,0.0569158977538982,0.054969911655499124,0.05801102829976501,0.056815876928837786,0.04948729904355901,0.04786230132114614,0.05118357109264775,0.04798218143188308,0.046629502233819634,0.05199853435503656,0.04806604350071555,0.04829717966096383,0.054875663155917936,0.04648007855787925,0.044931515545891726,0.04999276317590959,0.046789084377230616,0.04976918694874968,0.04705319975302249,0.0453042393521177,0.04238658339409695,0.04591312323091763,0.03710820702137669,0.04040822175165979,0.03587761105261889,0.038460005579689927,0.041593366664151636,0.042056186491332935,0.03809325645324573,0.04232253518871399,0.041022346988945455,0.030591549295774647,0.03903025382003734,0.039979850155521614,0.03531021459776921,0.0407538743890734,0.038151143056803435,0.033850765700783984,0.03725746552982603
0.234604332639331,0.20056741334741862,0.2006930574336199,0.19180905033405102,1.0,0.1739774866802868,0.16056360224065558,0.15444760320470585,0.13408148514474835,0.16567603895590474,0.14058703865155478,0.15198075519325713,0.14674265764522457,0.14694820566234257,0.14446860559934765,0.12517981641975162,0.12752970243069434,0.1305539638537424,0.1289159437503977,0.11139033659738298,0.11106396743445512,0.11225499818323818,0.11126531717554668,0.12069948988738409,0.11889485613934778,0.10251136193910428,0.09141538042929681,0.11010546661624437,0.07244310441905662,0.12556577602569718,0.10305767771759268,0.09608466347665118,0.10038375725122713,0.08555759983645753,0.06825449332892271,0.07445414546006263,0.07493902751805857,0.0786576480958463,0.0960690579271124,0.07593052562369873,0.07718360314407939,0.07925589131240453,0.07625245297413061,0.0752165208197422,0.07343246410782303,0.07607536112446489,0.06465319569103485,0.06429679785583298,0.07832373935067925,0.07198454422173098,0.072528256108459,0.059411018820612914,0.05341842688067059,0.06187121087989513,0.0772784891518013,0.06923665975607478,0.06475074404761905,0.0649723506866364,0.06921150629741543,0.07266778232478777,0.06626582846455038,0.061865635572740454,0.0683676791891012,0.06698293830816679,0.05397446614484383,0.05710901718810444,0.06002392980590269,0.05400989815221753,0.05791958185263584,0.051414278954331684,0.04466617297423705,0.05405561463360648,0.05293541840754447,0.060190305480340184,0.05157333821115513,0.04959262851600388,0.057166279806871965,0.054383062549606495,0.05828266421346673,0.04240596081030374,0.050617600526399825,0.05145364039590153,0.05212235912093005,0.043832863428387464,0.04644415017915563,0.036341605177866,0.04585482880018724,0.046759324436504504,0.04259903862091828,0.04214910453977509,0.042898886099780355,0.04738923130596581,0.03926541406805084,0.04555699980040211,0.04116535648905031,0.03924988242671265,0.044502630685257824,0.03980508023089293,0.0410877263839156,0.0376969113297104
0.14979997376705143,0.1537950369608661,0.15753843047176716,0.17003682857341393,0.1739774866802868,1.0,0.18739828917170875,0.1777746919679337,0.19267216311450172,0.1666396275484369,0.19655198691607412,0.15266214450967122,0.16280769358535693,0.14755779110801456,0.14892561610786678,0.1588600095039309,0.14039182888848667,0.14117096018735362,0.15693654680238245,0.15081399779145382,0.15658977543687191,0.13171177930017836,0.15309166151613685,0.13247062398703405,0.13360784388483266,0.14064596087190417,0.1405073480698405,0.12659960400249823,0.11705237148195022,0.14517411039801353,0.13434465322070907,0.11651267271340171,0.135050067342039,0.11025637296959297,0.11229757551547184,0.12012090540613295,0.1131564230408721,0.12187852185776143,0.1088679721591114,0.10975275978469118,0.10331735668188852,0.10565580755602733,0.11209063170111215,0.10615739607214666,0.10686684790909369,0.10297026678174,0.09912051342999763,0.10681705622034413,0.10238613051995125,0.1247496871088861,0.09130884836598255,0.10225620110007068,0.0896465574252333,0.0951467241775755,0.08981327928259934,0.0989580044205873,0.08719307598231366,0.09390469924661216,0.08240147649549452,0.10363707158920242,0.08539991468057534,0.08985471457381569,0.08216734041099744,0.09103315404993177,0.09063871282301317,0.08163734055206924,0.07525257447292337,0.07911496290460246,0.07972845622023735,0.07452055710678995,0.07565465475664844,0.07940900290014044,0.07957946875948205,0.08405024369500506,0.07217755012098886,0.07801812729539405,0.07457183731861844,0.0770824086403314,0.077229568646214,0.0704365332178079,0.0764074729662844,0.07204785267827139,0.07340108990003677,0.061877776075968755,0.0683491062039958,0.059566880745062056,0.06498409836901989,0.06772595711645725,0.06742719189377581,0.06322415759727618,0.056333917104495035,0.06311610537294352,0.05182831544952599,0.0660058170594171,0.06615645384970979,0.053924762525290625,0.06503306106573317,0.05210352394695721,0.05537236574494785,0.061223434510574486
0.12606857902735563,0.14140661673163663,0.138348881639517,0.15357872455635138,0.16056360224065558,0.18739828917170875,1.0,0.17688827635797105,0.1505218210199053,0.1643641051694281,0.2002675736659589,0.1474877396998796,0.16271698301573634,0.13382504529768421,0.14373583271782595,0.16156825113951814,0.1373837321531983,0.14634956928639795,0.1639574977130392,0.12976855190667727,0.1651524111606903,0.150849917553818,0.14636575875486382,0.13164244186046511,0.1409877462249761,0.12934489600708307,0.11449281399708394,0.14001874702275766,0.10294326998362872,0.15242760409162945,0.13937680866814725,0.12261162261162262,0.12671162182618867,0.09533887457117987,0.08821708249863412,0.10655894662934155,0.12293982458608883,0.11252183024799162,0.10878073935059555,0.09586256520957007,0.10492896827874043,0.12174005043113328,0.10003917745565204,0.10158264076414196,0.11248146406741655,0.11219128405936028,0.10472519790662964,0.09979586775282828,0.09667563166657518,0.10559318249479012,0.08648448698386277,0.09841235848964772,0.07807772522985636,0.1000671274191871,0.10366164373589576,0.0981679331878715,0.09333606954964367,0.08823896054082563,0.08439991897018471,0.10956384904873402,0.08665184286773128,0.08964432974400048,0.09264294704881962,0.0920378437505997,0.08416092222611676,0.08039151969907339,0.0761043004475579,0.08735319618507133,0.08188438551554417,0.07642092962343602,0.07425579963046602,0.0829307810015302,0.07498843378712262,0.0889612682965114,0.07160659413254326,0.08177788621853524,0.0749610190932894,0.08190701806336985,0.0842858700716757,0.06295508929763483,0.0763775783755349,0.08131333603567086,0.07466865407082142,0.06152104559020274,0.0772352724142172,0.05931793826563846,0.06400263249902309,0.06491773215832103,0.07296013814937401,0.06595393198890379,0.055902301002787834,0.06649076517150396,0.053418533046522415,0.06909415128565133,0.06912566606539362,0.057886428779130146,0.06620307731034265,0.05144634718533293,0.06281974514932821,0.06509061265441776
0.117453019646718,0.1266190615056272,0.1401645414517888,0.14621165562831268,0.15444760320470585,0.1777746919679337,0.17688827635797105,1.0,0.20017137049903355,0.15619295082150816,0.19787864650511813,0.1518258918338541,0.15601188833184623,0.15433799586041422,0.15010913095058628,0.15118943229711765,0.14815197801873134,0.14593909498852464,0.14635055422311533,0.1608238859234875,0.15537208488434984,0.12830598341698266,0.15288226614093228,0.13655656302350563,0.12961006820788315,0.1288191712562287,0.12068338785896038,0.12997429796850507,0.10742384787181793,0.13805770981820464,0.1364117179099389,0.13511638067660992,0.1271235719845054,0.12317766794736422,0.13076127096841567,0.104578643139641,0.12851295509292807,0.11939620309532248,0.10174852824883578,0.11870999184606877,0.11461216906641895,0.11369665592671128,0.12031460759541768,0.11112728066505376,0.1024002714087812,0.1036042829135877,0.10251048088779285,0.09572400872935995,0.10981484484551325,0.11049949031600408,0.10222668158839193,0.09581874440192167,0.0945660856563505,0.08925221649586319,0.09668636695663722,0.10576856988561048,0.08934881864467831,0.09480771928418268,0.09079995005714615,0.10860525898938699,0.08265260955293549,0.09721676151060528,0.08835873647006848,0.08841429788940693,0.09333672690251972,0.0712269496239827,0.07870026552183688,0.07904095327430344,0.09014220801077079,0.0851840519924459,0.07222096689155019,0.09023705813369073,0.08580314295718082,0.08223788853656784,0.0795397384305835,0.08323302904741109,0.08269566109344548,0.07264502669709895,0.07266464705150019,0.07432607010593403,0.08015428958969142,0.07252884911409069,0.08246052589943993,0.07235103088890567,0.07201710191322283,0.06690261193618452,0.061856559188469544,0.07679989751473226,0.0659030419275239,0.06741058779940283,0.06614365677748803,0.07023400703828529,0.0617135014886058,0.06655638387006682,0.06882005675208472,0.05596401224280844,0.07037200088047546,0.06506426233771863,0.059728806085326866,0.062193664404214956
0.10049648136712058,0.1060371310982265,0.13360817171278833,0.1389383799052796,0.13408148514474835,0.19267216311450172,0.1505218210199053,0.20017137049903355,1.0,0.14504297547428968,0.1947798812591016,0.14283022912863555,0.16171525442570103,0.17735511780057917,0.14362057448229792,0.14769876737598506,0.14588341954232334,0.1239989859373369,0.14594182763411465,0.20149449507899836,0.15993255644446006,0.11340626545325201,0.17101438938715832,0.1282469942110732,0.1267100302440237,0.1427132029228884,0.15415031198464668,0.12175364610788965,0.1445584959087218,0.1424899389848111,0.1418791082330453,0.12330517363031332,0.13609526668668068,0.14040932889100427,0.15829108101747855,0.13367190597109274,0.12125710361024028,0.14191432587130548,0.10747457311272178,0.14764987453345424,0.12014739193519765,0.12380520764667106,0.1495991351166201,0.1231051531678475,0.10470815386900341,0.10941694519603162,0.10966891559805192,0.12840677966101696,0.12445687244568725,0.12422932619523006,0.11566322806941101,0.12472655300531268,0.12902849816422868,0.10161569855202102,0.09322160706269639,0.11260750716714447,0.09239573016397051,0.11754272265238598,0.09834395456713053,0.11256547438787756,0.08929448448368417,0.10773711954150403,0.087140854541103,0.09592189704610624,0.1211707226711742,0.08024032199392155,0.08407560789394536,0.0835818792419154,0.09331779238413382,0.09979260116722134,0.09096514811434774,0.10639188074546041,0.09407072898950208,0.08930115189607234,0.09194357029184066,0.09550164573936365,0.08951529093053398,0.07625682545659951,0.07875841347575618,0.09528980589113614,0.08827271956081777,0.07378621912418333,0.08413896188432701,0.07998911376119551,0.07742681996110194,0.08560775162337662,0.07012556851888471,0.09068576526808521,0.0768850676944362,0.07638115497716323,0.08155592872001804,0.07403352553341605,0.06427861710529668,0.08342872616717747,0.08027156549520767,0.06505915605692988,0.08069966712652989,0.07574570728735375,0.05757110792680607,0.07118011796138529
0.1402727951608048,0.14619548387895903,0.15103727158477137,0.15909907608970036,0.16567603895590474,0.1666396275484369,0.1643641051694281,0.15619295082150816,0.14504297547428968,1.0,0.15897188874067486,0.1546105059520538,0.15741327672937688,0.1461299276855812,0.15367930734083596,0.14474819778657733,0.14167326471364475,0.14460610471391477,0.14527036708026478,0.13058348724262944,0.13927101539155437,0.13005792448879894,0.13687236516417123,0.13351285091332918,0.14206364149877612,0.12739166932005674,0.11587226870340282,0.13029899254809896,0.1029327616637519,0.13465396188565698,0.1280321075972151,0.11447618904297184,0.13093870405539534,0.10681999829286651,0.09171337102601454,0.09786083918388873,0.09983600182595904,0.10766268649620866,0.11600067701681771,0.10568979970537727,0.09896464279368772,0.10090239866998106,0.10078553431154587,0.09928796841053616,0.10055198920554442,0.1053423626787058,0.09204828706815146,0.09457360349458906,0.10237762700098345,0.09852572224506406,0.09510615569501936,0.08557944415312009,0.07931961552654238,0.08460896660934121,0.09507751778591109,0.09739274850233441,0.09087162406533605,0.09102040112438994,0.08530979042488632,0.09895886670080219,0.0882536166678203,0.09257059793302724,0.09007826132024947,0.09274677111822409,0.07869087476070177,0.07875169989933063,0.08264246215132481,0.07605248045235675,0.08097515371615548,0.07363345500428102,0.06991173963651028,0.07571904437838031,0.07252952912304243,0.08642768502301511,0.06984121294670059,0.07423695855633194,0.07770406996181661,0.07778829901149567,0.07720326936744847,0.06596368971208509,0.07293287497738375,0.07018275059119862,0.0748236184572134,0.0658833904408455,0.0676728201279505,0.053597327619279315,0.06613117914352595,0.06856997196023451,0.06236292727689837,0.06264707517278438,0.05753981135400339,0.06540928430812218,0.05876554799342877,0.06358794135412663,0.06267163502880232,0.057732378844426335,0.06321473951715374,0.05552789303826648,0.0585879755244101,0.0562349237689879
0.1008481121105343,0.11153386706647216,0.13139398176994493,0.14663231360006318,0.14058703865155478,0.19655198691607412,0.2002675736659589,0.19787864650511813,0.1947798812591016,0.15897188874067486,1.0,0.14844169080570754,0.17308120773051022,0.1533836813268177,0.1505852578298007,0.17363704855489476,0.1461993229017534,0.13818541745605828,0.17083450407417813,0.15951028472638748,0.17605750013751628,0.13139981171699616,0.17997410846504178,0.13514093637042698,0.1423936491500561,0.15573692701907563,0.15614382785956965,0.13772987846824122,0.1513866517646801,0.15272234762979683,0.1513561073427253,0.1293726207247984,0.15163714721185684,0.13361373408430763,0.1403524596633255,0.1403239287085771,0.13610838130001404,0.15022860875244937,0.12000329340084805,0.14356309202562992,0.12234627049360468,0.12631510515423705,0.1381730378661371,0.11914255091103966,0.12867314205237684,0.12382336500838458,0.12194172007223028,0.13559524520637956,0.12820774508136304,0.13668523257564352,0.12008367239040986,0.13281537217225067,0.11014814814814815,0.11859640831758034,0.11008595536629603,0.11863989013955563,0.1061399941911124,0.12489778248111982,0.10366627416459936,0.1242976695668666,0.09806906885134972,0.11391930403479826,0.09627718570670782,0.10692149381987989,0.11507863543313843,0.09323087635531682,0.09043367503153667,0.10198215685542573,0.09749317828271237,0.10013181975248601,0.10336736967663289,0.10350249816125187,0.09913000248570718,0.10279321312327512,0.09609281779176927,0.10207807341231306,0.09470090544752857,0.09076963370374527,0.09116902008978957,0.09826604758532043,0.09690949795424719,0.08404791685471497,0.09431572483144199,0.08027248458068674,0.08934761848697723,0.08186028925229227,0.07832678639462932,0.09212473710175785,0.08952558530404296,0.08439829605963792,0.08290335053264536,0.0795235819198822,0.06783616210129295,0.08672561741314358,0.08962871517130606,0.07399917512605936,0.08777319643194006,0.0767664480643114,0.06748217757615035,0.08155272088313012
0.12261731793734547,0.1293872945944079,0.13993034706376847,0.13705472495515994,0.15198075519325713,0.15266214450967122,0.1474877396998796,0.1518258918338541,0.14283022912863555,0.1546105059520538,0.14844169080570754,1.0,0.14864007338388946,0.1535664083153863,0.15124175211126714,0.13112602906237913,0.13975844575118182,0.1403327865010546,0.13401053660998768,0.12898244351489527,0.12692093196182921,0.1215191037410535,0.13298586308939772,0.13513850121248086,0.1366285058418435,0.12084914989313854,0.11005533038462186,0.1291272442677701,0.09880581189515586,0.13138496360188415,0.1266717047779976,0.11755988310617856,0.12544177282239646,0.11690314354879004,0.09338006015618533,0.096219741350724,0.09679437356637789,0.10217163211864183,0.11605085758170493,0.10870572417489575,0.0931820228767,0.09969818107354944,0.10083383952730686,0.09803575525475178,0.09697423579589563,0.09962000803829149,0.09082144050403322,0.08863309907356529,0.10780789383704059,0.09907411759176575,0.10402496449659915,0.08434683354980911,0.08039514580405044,0.08558653239829553,0.10195508902227166,0.0987407935376574,0.08778428101525905,0.09412494427322594,0.0939915720146234,0.0979039736368165,0.0921544209215442,0.08663400979706089,0.08767261638860295,0.09197497939194103,0.07753555435264013,0.07689397710303633,0.08294894617268408,0.07309274551014514,0.08156258887579734,0.0791744343591781,0.07103626566442062,0.08355244528943004,0.08086698644587306,0.08110761784803976,0.07238573337111857,0.07388367382609679,0.0832953306235749,0.07624217869011148,0.07846203191404058,0.06675115303112145,0.07376109997135491,0.07067239205960421,0.07860350955809714,0.063663901235596,0.06733769397423006,0.05484752176362419,0.06621386892441468,0.06872604377034991,0.06231870496865351,0.0635864881340256,0.06564311946879374,0.07147182281884705,0.05400445947531819,0.06488794908472749,0.06296206965257606,0.05872527287816869,0.06621392190152801,0.06176169269689937,0.05947497077266447,0.05540341936370653
0.10969011143265119,0.12410403440507885,0.13051250836267123,0.13771859968782849,0.14674265764522457,0.16280769358535693,0.16271698301573634,0.15601188833184623,0.16171525442570103,0.15741327672937688,0.17308120773051022,0.14864007338388946,1.0,0.14314170118618483,0.14339157245632067,0.14800471834590817,0.13834074971460522,0.14133164927590314,0.1443358990385027,0.13842899861425134,0.14791990260694346,0.13422518029195263,0.14661237840508357,0.13453177125330046,0.14045760302421437,0.13379897224364584,0.13750998411722043,0.14066122366696907,0.11081054398262415,0.14012601737085703,0.13443444372274288,0.12509308872945238,0.13208193073543675,0.11312217194570136,0.11106383840839563,0.1134276873129407,0.10623750039265782,0.11510568759790366,0.11527087162168466,0.11359139870900697,0.10477972107570943,0.10959734167318218,0.1144594800060818,0.10771627938486553,0.10754417351800108,0.1115232666847613,0.09970872556882941,0.11923355951009261,0.10819451798150939,0.11891768514099559,0.10140879906835819,0.09979373342500737,0.08992936161798148,0.098302470765948,0.09864971556977144,0.10119085123810724,0.09704272543755593,0.0981294871382119,0.0918974358974359,0.10838127324158535,0.0954895726679959,0.09563372616098899,0.09484269965044367,0.09671807208213411,0.08981944414121346,0.0856596389205205,0.08388053840616069,0.08825807022589995,0.08996868393384057,0.08393448573113743,0.07958942514886815,0.08878888451369747,0.08520560964558445,0.09170978751513817,0.07691008389167277,0.0856501111594967,0.08526372550098492,0.11967896417169209,0.08312446390179237,0.07281874137871078,0.08506079841365713,0.0786042156706022,0.08195940582832521,0.06792303759817818,0.07711344975135885,0.06584205518553758,0.07631407875185736,0.07648214306227241,0.07168383922769887,0.11394412016864951,0.06592967188051276,0.0739724147395869,0.058566412687797074,0.0741948540040474,0.08432521087160262,0.061274797511445,0.0720789164421125,0.06175649960891442,0.06716533279423481,0.06616221328919367
0.09763418171308991,0.12098291653065178,0.13156646951660803,0.13527059605683986,0.14694820566234257,0.14755779110801456,0.13382504529768421,0.15433799586041422,0.17735511780057917,0.1461299276855812,0.1533836813268177,0.1535664083153863,0.14314170118618483,1.0,0.15601277198621302,0.12583004375898896,0.14153273666313798,0.12969712203091618,0.13876863023420866,0.14659492800992274,0.13055951594394408,0.10887976499287076,0.13617952541894265,0.13891407519951643,0.12330925804333552,0.11976284584980237,0.11893634473418156,0.12334855403348555,0.10467735796652711,0.12556983718937448,0.13069348943515957,0.11766148274593759,0.12814957708858882,0.14044684960246268,0.1118120053676525,0.10365337397341462,0.10023406908319296,0.10754874623770648,0.12471633337859069,0.13118613347777627,0.1003568702683747,0.10103518825768756,0.11030049271500772,0.10774811083123426,0.09451146022197303,0.09784067085953878,0.09457537026213346,0.093937872957448,0.11693843947522176,0.10306687321929606,0.11183785877189208,0.09210526315789473,0.08968372627947097,0.08376200463627331,0.1035716925155991,0.10150413059934832,0.08273838630806846,0.10737772989473211,0.10164520514220267,0.10113827619806892,0.08723001307661091,0.09728459408520837,0.0915206191365385,0.09341973741843462,0.08394931965405751,0.07708338157315858,0.08353785915685893,0.0747940730099517,0.09268038304731203,0.08662456741232295,0.070937853382133,0.09631166871049901,0.0838560351811133,0.08670593524143257,0.09897554527428949,0.07967782653122558,0.09092794432794894,0.07470016602616944,0.08584231900294076,0.07954545454545454,0.07952481116741562,0.07293325828433192,0.08027296612889803,0.07159322364649778,0.0703457818018521,0.06202267414971938,0.0669209304592589,0.07823949093713845,0.06445248273594212,0.06757123473541383,0.0794782157548207,0.0753349887837238,0.060208142410585384,0.06980751959999029,0.0692641757809136,0.06903948812150949,0.0737737637842423,0.07406045451202471,0.05851475991701452,0.05684260213905072
0.1250026075528638,0.11851930307684161,0.12706983640477784,0.13311834601372313,0.14446860559934765,0.14892561610786678,0.14373583271782595,0.15010913095058628,0.14362057448229792,0.15367930734083596,0.1505852578298007,0.15124175211126714,0.14339157245632067,0.15601277198621302,1.0,0.13417034633186148,0.15163075942813906,0.13942350071988951,0.13901728251586945,0.13252901776428005,0.12848279849168615,0.1255232979494394,0.13576332936313318,0.1425975795723695,0.13541641198666698,0.12534876050738525,0.11938434759575817,0.12351732592068233,0.10398058648395123,0.13517858509905328,0.13437774972263666,0.11901287232450232,0.13006630831404245,0.11891198257927789,0.09850896297537276,0.10206500194019989,0.10367432738462871,0.10764041355634506,0.11885320792098253,0.11157912124215395,0.09873539364323175,0.10501886868605331,0.11074904915078425,0.09950755646119884,0.10481927710843374,0.10317567497376978,0.0931812719844443,0.09712985262599703,0.12073938398703131,0.10344309449190744,0.11556294567198541,0.08869535712266018,0.08461161786979149,0.08929176735590959,0.10506382088302993,0.10283441290266487,0.0929506502454569,0.09943424957485356,0.10374817046008951,0.1034932821497121,0.0954103448660839,0.09657094808620431,0.09384922182239502,0.09775088429623367,0.08281292424653815,0.08372594197416235,0.08959576776994031,0.08169304886441844,0.09249287298067786,0.08628605061801059,0.07268001540238737,0.08460272437580979,0.08247682559325335,0.0870845507669832,0.08159736420885373,0.08145345516847516,0.09591932190241509,0.07839621123295859,0.0845936109987869,0.07209680332309915,0.07819246465960844,0.07443933431321417,0.083764827716061,0.07203031839138727,0.07295570289228404,0.05770039324314298,0.06926323405281563,0.0785314710337671,0.06710859346751838,0.06759181282267218,0.07790652195169649,0.08014342705167173,0.058817685047193244,0.07420040595236665,0.06778175443722154,0.06382355811457012,0.07190195860639047,0.0786706289041179,0.06580362773099892,0.06127866676498783
0.08651025093291023,0.0972761478077942,0.10554168034366125,0.15908719150484546,0.12517981641975162,0.1588600095039309,0.16156825113951814,0.15118943229711765,0.14769876737598506,0.14474819778657733,0.17363704855489476,0.13112602906237913,0.14800471834590817,0.12583004375898896,0.13417034633186148,1.0,0.13052675746079476,0.13930786157231445,0.14937613496573135,0.13521297281432293,0.16680352130158305,0.1418287351123172,0.14116687858522523,0.1270166864359164,0.1363563014361788,0.15613802387504208,0.1364540147220577,0.12967014071321442,0.12473682393952991,0.1379057571941432,0.1353975952633326,0.1316286988583545,0.13197343349010365,0.10696878168991047,0.10938148363308713,0.12684989429175475,0.11307498890696642,0.17258301795680933,0.11538461538461539,0.11555648896822897,0.12534041080083083,0.11267893893051655,0.10863271795358549,0.10623229461756374,0.16853259401101936,0.12116654524945362,0.11362816445854326,0.11464069253159613,0.11047101060340406,0.12163628604523563,0.10602211415160533,0.10600843925548163,0.09379565852640367,0.15674504333964331,0.10454496997263779,0.10354338012491497,0.0993503077167782,0.10818149520377607,0.09055804833451624,0.11754855157589543,0.09758461499222078,0.10047581284694687,0.09355757976693298,0.10354943170994983,0.12162879523532077,0.09269190325972661,0.08563260765519293,0.14124672796390567,0.09092627088901488,0.08849077825810037,0.09682127121353218,0.08913761172397133,0.08518576908928478,0.1047097137027688,0.07974850202864282,0.09051871973220288,0.08303267973856208,0.09153843110882551,0.08822515186079206,0.08222760021141061,0.08811905475755676,0.08072998483751553,0.09306547094921362,0.06890106977976763,0.08713019598052678,0.06759528898707484,0.07456843102559459,0.07622244847417517,0.11800091905365324,0.0802249350062168,0.0702812097538884,0.07450695936606129,0.060839352392485904,0.07356041273715744,0.08184366592007213,0.0685974102994959,0.07691426935737798,0.06416227135001683,0.06824440619621343,0.11269210500078337
0.09766140867380674,0.09708748637229908,0.10698737515283703,0.11245677687498935,0.12752970243069434,0.14039182888848667,0.1373837321531983,0.14815197801873134,0.14588341954232334,0.14167326471364475,0.1461993229017534,0.13975844575118182,0.13834074971460522,0.14153273666313798,0.15163075942813906,0.13052675746079476,1.0,0.13269329387731083,0.1416983050144188,0.13791697409809328,0.13398845101813392,0.12109406217533765,0.13739781243879054,0.14363401600331754,0.133128636682398,0.12601839961263975,0.12504518344478582,0.12110645975450297,0.11172507571543358,0.13253372118507303,0.1446638054363376,0.12660090285905368,0.14562270694963841,0.1257162863978526,0.11309577008030847,0.11040040936420621,0.11580657186984077,0.11290847114654975,0.11680261763214894,0.12562278026680723,0.10838831291234684,0.10668294171498321,0.1251980577561973,0.10647277287416196,0.1103427350535405,0.10943071748311879,0.10134344616129423,0.10668557481216848,0.12388038603390004,0.11019726020186602,0.11840079334011848,0.09720077491085717,0.09969985275795673,0.09306333476949591,0.10438908659549229,0.11628870387940826,0.09866987200655157,0.10971588723415948,0.10572595810907204,0.11409033164851204,0.09993092968642078,0.11950715147337584,0.10201157343620833,0.10478403762324501,0.09476064091221861,0.08718739294278863,0.09820013186874851,0.08791554165059501,0.10946545593464398,0.09792087827767859,0.0844318371433339,0.09201343261790042,0.09436169605661131,0.09756513097181799,0.08972372460166643,0.0948749009227272,0.10508541914978149,0.0811596694025468,0.08591114826880387,0.08616449585572457,0.09124922053627105,0.08305672565976512,0.08932812154288665,0.08749409955385014,0.08096859629209231,0.06978095312868023,0.07635097111743144,0.0923520057607489,0.07600054720393987,0.07635285396590066,0.08747582579098012,0.08761541100487746,0.07243562418099433,0.0847457627118644,0.07751866389594397,0.07105486534454819,0.0825110421952824,0.08335376317724932,0.07124466214518965,0.06967359975072057
0.10494717294354328,0.11102367297658575,0.11269153390551652,0.11572052401746726,0.1305539638537424,0.14117096018735362,0.14634956928639795,0.14593909498852464,0.1239989859373369,0.14460610471391477,0.13818541745605828,0.1403327865010546,0.14133164927590314,0.12969712203091618,0.13942350071988951,0.13930786157231445,0.13269329387731083,1.0,0.13668103085652325,0.12281983782498833,0.13046382460859937,0.12878452489587192,0.12643614054657,0.13770997600274254,0.13547058975529505,0.12134988965608691,0.1113970031784471,0.12364282183203032,0.08947000174916915,0.1318505033390712,0.12581672655994772,0.12359909065528657,0.12327991273703641,0.10298975712119009,0.08659167604049493,0.09809909067348756,0.09798681216082161,0.1044017094017094,0.11331683320838426,0.10084201196543319,0.10665146415532874,0.10661391105057189,0.10464108423292097,0.10499524109978718,0.10437575270975512,0.10198641519535127,0.09303256492971344,0.09438234382820507,0.10518813494128561,0.10243970058220128,0.0990655277188557,0.0875187933163022,0.0799418783632356,0.08931160060813917,0.10337619133249415,0.09874953165979768,0.0940382921514997,0.09378036346188448,0.09691840970780775,0.10781473554764635,0.09608639579591886,0.09085809033448443,0.09557824356338011,0.09858580037936085,0.08079424854501883,0.08649064278893256,0.08802834107011971,0.08330023828435267,0.08942582819355249,0.08217394634059173,0.06836601307189542,0.08228464466844575,0.07789857318176747,0.09035698415049623,0.07350576677174725,0.08289861060895615,0.08712817539141056,0.08346809304639881,0.08315092994459106,0.06568913421668782,0.0775044590727695,0.07824074074074074,0.08934313275149287,0.07032131147540983,0.07611021238845692,0.05623333602650077,0.0715352566622121,0.07325694309574675,0.07003116570201398,0.06812781266179029,0.06424506727649842,0.07784076269002835,0.05977055035445641,0.0684868961738654,0.06756506314368166,0.057952555325585096,0.07102643000147804,0.06257828878838623,0.0691233691920348,0.06308017442015998
0.07586902741078083,0.09991190994728943,0.0938531483470689,0.10872167152644346,0.1289159437503977,0.15693654680238245,0.1639574977130392,0.14635055422311533,0.14594182763411465,0.14527036708026478,0.17083450407417813,0.13401053660998768,0.1443358990385027,0.13876863023420866,0.13901728251586945,0.14937613496573135,0.1416983050144188,0.13668103085652325,1.0,0.13439230160822568,0.15679402338075585,0.13055416874687967,0.157965918312145,0.13411097300570482,0.13817210048102618,0.14298446344694687,0.13553477193165786,0.14463863413508682,0.13203139735647026,0.15403234928175547,0.1596222961951116,0.12168298110440812,0.1541039906586991,0.12269206245845374,0.11951590782354449,0.14115230067373635,0.13507349214394324,0.13038521625311397,0.12896931465839837,0.12760112832479212,0.12274263078177794,0.12880076622875358,0.13015930485155686,0.11908117249154453,0.12966466548482727,0.13002533154522425,0.12716985366010033,0.12701051087753606,0.12483863619105474,0.13008638060575767,0.11628985865833669,0.13148391886875233,0.10525059665871121,0.11894060995184591,0.12711698556309933,0.126028094624477,0.11048874244920373,0.12174427782162589,0.10295856171218891,0.13453290767792073,0.11334370551822305,0.13426054384017758,0.12216209081309398,0.12395265765691617,0.10780060433160586,0.11135596721988844,0.10257793663907201,0.1116376859048374,0.11856791356131655,0.1044500600390702,0.10205556894218829,0.11196432994798118,0.10461114934618032,0.12209431606315105,0.10489386583507566,0.10951817105383004,0.0998564200738411,0.10995660517625906,0.11501341416675377,0.09498719899076101,0.10306597811563324,0.10385611562913187,0.1054045823406123,0.09083629727565595,0.1018058148346672,0.08260978864115406,0.09368317310374323,0.09695351643930805,0.09428247579761043,0.09196665403561956,0.08134743558095817,0.09231719053585372,0.0806354274144879,0.09225992459525394,0.09906968844941785,0.08666679287431611,0.09989590160774184,0.07648427531336786,0.0881989018637383,0.08993928715070959
0.07612434209455021,0.08587785722130388,0.09970762735616652,0.11133204934672844,0.11139033659738298,0.15081399779145382,0.12976855190667727,0.1608238859234875,0.20149449507899836,0.13058348724262944,0.15951028472638748,0.12898244351489527,0.13842899861425134,0.14659492800992274,0.13252901776428005,0.13521297281432293,0.13791697409809328,0.12281983782498833,0.13439230160822568,1.0,0.1477394471823441,0.11809909852851141,0.14614822171051914,0.127346549790039,0.11985781611949836,0.16152713316672618,0.15680992808869862,0.11868749129031912,0.12289970208540218,0.13587757335915462,0.13772330955429546,0.13933250340861936,0.1365542778694409,0.13912718670235946,0.15708743985853907,0.12354395604395604,0.11959046717714876,0.13689104091277865,0.11576155036474836,0.14280139410331974,0.20676002444662928,0.1412840441512638,0.13126629167238305,0.1429566024599675,0.11018730757232569,0.11034838289559366,0.120450493542636,0.11808671855459267,0.12613358731210403,0.12070064145225924,0.1187349160913734,0.11141139317381271,0.11908920964726794,0.10368349249658936,0.09763244738391598,0.1170153035516333,0.09829819298519982,0.11973063573526357,0.10207011918868056,0.1175681977150851,0.0987764846314533,0.11505306071639747,0.09540246987055498,0.10526940951136583,0.11588523868106498,0.08607735831555514,0.09670323001532323,0.09054758699654954,0.10285860132720775,0.09955287744995914,0.09281125625485112,0.10532319391634981,0.0995333889558419,0.095842618919542,0.0971763959390863,0.10003740019838366,0.0979633213528707,0.08221218751454774,0.08427598275107806,0.09572920798624884,0.0954117191533299,0.08308931778104929,0.09855026031237485,0.0924663781238081,0.08351865579441561,0.08611849438394924,0.07919972175756472,0.10008484532045425,0.08391400056273689,0.08201138392105352,0.08541297561798701,0.08288878439511618,0.07714468077765703,0.0848624608795915,0.08279218055205974,0.06832141354648717,0.08639441822286066,0.07974087554679934,0.06885437026369029,0.07776927654509903
